11
13
79
101
126
174
176
177
178
180
222
240
244
261
263
264
297
335
342
356
398
402
454
460
527
674
679
702
712
753
795
878
887
931
949
957
962
980
995
996
1031
1032
1049
1068
1140
1146
1390
1672
1732
2078
2160
2244
2319
2331
2519
2566
2879
3030
3031
3059
3100
3283
3301
3385
3589
3776
4044
4101
4116
4156
4684
4685
4837
4933
5216
5541
5569
5899
5943
6027
6054
6115
6129
6184
6212
6213
6214
6228
6251
6276
6278
6324
6325
6326
6327
6329
6334
6335
6337
6338
6341
6342
6343
6344
6351
6360
6361
6365
6366
6368
6372
6373
6375
6386
6391
6392
6403
6405
6408
6409
6416
6419
6423
6427
6428
6429
6430
6441
6497
6544
6556
6557
6560
6561
6563
6564
6568
6569
6574
6575
6578
6582
6584
6587
6589
6591
6710
6720
6734
6736
6809
6845
6853
6895
6896
6944
6946
6947
6997
6998
7000
7002
7005
7041
7043
7047
7057
7095
7144
7150
7165
7175
7184
7237
7238
7239
7240
7242
7245
7247
7249
7258
7267
7270
7282
7288
7295
7296
7298
7301
7304
7351
7366
7368
7393
7406
7407
7410
7416
7422
7423
7456
7463
7475
7476
7500
7501
7503
7505
7506
7515
7519
7520
7523
7560
7580
7583
7668
7674
7705
7732
7747
7749
7761
7762
7765
7770
7771
7797
7803
7809
7812
7813
7818
7824
7843
7844
7845
7846
7848
7850
7852
7854
7858
7865
7892
7895
7903
7907
7909
7910
7912
7914
7915
7929
7932
7933
7936
7937
7947
7948
7950
7956
7962
7963
7964
7965
7966
7967
7970
7972
7975
7976
7977
7991
7997
8003
8004
8005
8007
8008
8012
8018
8019
8020
8021
8025
8027
8028
8030
8038
8051
8052
8058
8059
8060
8061
8063
8071
8076
8077
8078
8079
8082
8083
8091
8093
8095
8102
8103
8114
8115
8118
8121
8125
8127
8129
8130
8133
8141
8143
8148
8163
8174
8252
8254
8255
8263
8302
8323
8341
8370
8418
8434
8452
8454
8471
8500
8606
8640
8663
8680
8723
8857
8881
8882
8892
8894
8900
8902
8908
8909
8914
9005
9007
9033
9216
9253
9265
9266
9321
9589
9609
9707
9774
9775
9818
9872
9893
10008
10041
10326
10371
10399
10405
10422
10430
10461
10486
10553
10566
10686
10687
10722
10740
10822
10823
10824
10864
10870
10882
10899
10903
10907
10926
10943
10974
10977
10992
11000
11124
11126
11137
11182
11229
11239
11251
11260
11264
11269
11271
11304
11327
11335
11386
11387
11416
11417
11420
11428
11507
11513
11519
11523
11526
11542
11543
11565
11574
11582
11583
11587
11597
11598
11610
11611
11638
11643
11670
11721
11903
11904
11940
12009
12016
12083
12101
12160
12178
12180
12206
12217
12232
12245
12257
12264
12287
12291
12302
12309
12321
12332
12340
12348
12350
12370
12371
12375
12418
12463
12468
12508
12580
12586
12720
12724
12732
12741
12986
13004
13019
13187
13207
13263
13389
13394
13450
13529
13567
13855
14109
14215
14276
14282
14315
15050
15413
15546
15600
15625
15758
16003
16270
16295
16318
16441
16628
16666
16900
17739
17756
18636
18937
19041
19540
19878
20528
20748
21210
22188
22227
22386
26331
26447
27588
30209
31234
31242
31246
31249
31260
31265
31268
31272
31275
31276
31285
31289
31297
31347
31373
31420
31423
32594
33135
33500
34468
34586
34591
35454
36401
36613
36980
37037
37207
37247
38019
38251
38252
38253
38254
38306
39253
40818
48889
53167
53476
53479
61362
63079
63088
64151
64689
66750
68510
69027
69689
69720
73272
74626
76122
77650
77918
79123
79143
79639
81226
81713
84179
84440
85254
91662
93462
94221
96257
138747
138975
141897
144381
144702
156391
220639
221525
222536
223106
249266
442474
447466
447907
637564
637566
638186
639662
643820
643833
688400
5281168
5283324
5326160
5326161
6993809
9570071
11095291
12309460
13238893
18927701
21075956
21269179
10541
107828
1174
12896
13081
135191
17190
20419
20848
2268
25146
2730
3017
3048
31645
3286
3394
3672
3825
4004
4109
4130
46174049
4790
4929
52997
52999
5377791
56160
5793
5802
5853
6053
6950
69672
727
7498
91729
9411
9595287
991
5993
