RMS&Group: 2.43002584026[[4 4 2 1 2 2 2 7 8 2 3 1 2 6 2 3 3 3 2 2 7 3 2 1 5 5 5 1 8 2 2 6 6 2 2]]
New Min RMS: 2.43002584026
RMS&Group: 1.97583433091[[4 4 4 8 2 2 2 7 7 4 4 6 4 8 2 4 4 5 2 2 7 3 2 6 1 5 5 2 8 7 2 6 8 2 3]]
New Min RMS: 1.97583433091
RMS&Group: 1.9266514257[[4 4 4 3 2 2 2 3 3 4 4 6 4 7 2 4 4 5 2 2 7 4 2 6 6 1 5 2 3 6 2 8 8 1 3]]
New Min RMS: 1.9266514257
RMS&Group: 1.86583692027[[5 4 4 3 2 2 2 3 3 4 4 7 4 3 2 5 4 1 2 2 7 4 2 7 6 8 1 1 3 7 1 8 3 1 3]]
New Min RMS: 1.86583692027
RMS&Group: 1.56803188217[[5 5 4 3 4 2 2 3 3 4 5 7 4 3 2 5 5 8 2 2 8 4 3 7 7 8 1 1 2 7 1 3 3 6 3]]
New Min RMS: 1.56803188217
RMS&Group: 1.62740430304[[6 5 6 3 4 2 2 3 3 5 5 7 4 3 2 5 5 8 4 2 7 4 3 7 7 8 1 1 2 7 1 3 3 1 3]]
RMS&Group: 1.36371402712[[5 5 6 3 6 4 2 3 3 5 5 7 6 3 2 5 5 8 4 4 7 4 2 7 7 7 8 1 2 7 1 3 3 8 3]]
New Min RMS: 1.36371402712
RMS&Group: 1.45050598253[[5 5 5 3 6 4 2 2 3 5 5 7 6 3 2 5 5 8 6 4 7 6 2 7 7 7 8 1 2 7 1 3 3 1 2]]
RMS&Group: 1.4246923635[[5 5 5 3 6 6 4 2 3 5 5 7 6 3 4 5 5 8 6 6 7 6 2 3 7 7 8 1 4 7 1 3 3 1 2]]
RMS&Group: 1.40222480223[[5 5 5 3 6 6 4 4 2 5 5 3 6 2 4 5 5 8 6 6 7 6 4 3 7 7 8 1 4 3 1 2 2 1 2]]
RMS&Group: 1.39925214154[[5 5 5 2 6 6 4 4 2 5 5 3 6 2 4 5 5 8 6 6 7 6 4 3 3 7 8 1 4 3 1 2 2 1 4]]
RMS&Group: 1.4561387873[[5 5 5 2 6 6 4 4 2 5 5 3 6 2 4 5 5 7 6 6 3 6 4 3 3 7 8 1 4 3 1 2 2 1 4]]
RMS&Group: 1.54179726005[[8 5 5 2 6 6 4 4 2 5 5 3 6 2 4 8 5 7 6 6 3 6 4 3 3 3 7 7 4 3 7 2 2 1 4]]
RMS&Group: 1.61811572566[[1 5 8 2 6 6 4 4 2 5 8 3 6 2 4 1 5 7 6 6 3 6 4 2 3 3 7 7 4 3 7 2 2 7 4]]
RMS&Group: 1.55357626371[[1 1 1 2 8 6 4 4 2 5 1 2 8 2 4 1 5 7 6 6 3 6 4 2 3 3 7 7 4 2 7 2 2 7 4]]
RMS&Group: 1.71910826807[[6 1 6 2 8 8 4 4 4 1 1 2 5 2 4 1 1 7 8 8 2 5 4 2 2 3 7 7 4 2 7 2 2 7 4]]
RMS&Group: 1.46824802172[[1 1 6 2 6 8 5 4 4 1 1 2 6 2 4 1 1 3 8 8 2 6 4 2 2 3 7 7 4 2 7 2 2 7 4]]
RMS&Group: 1.43646650543[[1 1 1 2 6 8 8 4 5 1 1 2 6 5 8 1 1 3 6 6 2 6 4 2 2 3 3 7 4 5 7 2 2 3 4]]
RMS&Group: 1.54967918298[[7 1 1 5 6 6 8 4 4 1 1 2 6 4 8 7 1 3 6 6 2 6 8 2 2 3 3 3 4 5 3 2 4 3 4]]
RMS&Group: 1.43648121027[[1 1 7 4 6 6 8 8 4 1 7 5 6 4 8 7 1 3 6 6 2 6 8 2 2 5 3 3 4 2 3 4 4 3 8]]
RMS&Group: 1.38288562292[[1 1 7 4 7 6 8 8 4 1 1 2 6 4 8 7 7 3 6 6 2 6 8 4 2 5 3 5 8 2 5 4 4 3 8]]
RMS&Group: 1.35477058285[[1 1 7 4 7 6 8 8 4 1 1 4 7 4 8 1 7 5 6 6 2 6 8 4 2 2 3 5 8 2 5 4 4 5 8]]
New Min RMS: 1.35477058285
RMS&Group: 1.62246043139[[3 1 3 4 7 6 8 8 4 1 1 4 7 4 8 1 7 5 7 6 2 7 8 4 2 2 5 5 8 4 5 4 4 5 8]]
RMS&Group: 1.43198771919[[1 1 3 4 3 7 6 8 8 1 1 4 7 4 6 1 1 5 7 7 4 7 8 4 4 2 5 5 6 4 5 4 4 5 8]]
RMS&Group: 1.44453433576[[1 1 1 4 3 7 6 6 8 1 1 4 3 8 6 1 1 2 3 7 4 7 6 4 4 2 5 5 6 4 5 8 8 5 8]]
RMS&Group: 1.45641124829[[1 1 1 8 3 3 7 6 8 1 1 4 3 8 6 1 1 2 3 3 4 3 6 4 4 4 2 5 6 4 5 8 8 2 6]]
RMS&Group: 1.44422004404[[1 1 1 8 3 3 6 6 7 1 1 4 3 7 6 1 1 2 3 3 4 3 6 7 4 4 2 5 6 7 5 8 8 5 6]]
RMS&Group: 1.45056545769[[1 1 1 7 3 3 6 6 7 1 1 8 3 7 6 1 1 2 3 3 8 3 6 8 8 4 2 5 6 7 5 8 8 5 6]]
RMS&Group: 1.57118232092[[2 1 1 7 3 3 6 6 7 1 1 8 3 7 6 2 1 4 3 3 8 3 6 7 8 8 4 4 6 8 4 8 8 5 6]]
RMS&Group: 1.6410446325[[5 1 2 7 3 3 6 6 7 1 2 7 3 7 6 5 1 4 3 3 8 3 6 7 8 8 4 4 6 8 4 8 6 4 6]]
RMS&Group: 1.57954326287[[5 5 5 7 2 3 6 6 7 1 5 7 2 7 6 5 1 4 3 3 8 3 6 7 7 8 4 4 6 7 4 8 6 4 6]]
RMS&Group: 1.71851015633[[3 5 3 7 2 2 6 6 6 5 5 7 1 7 6 5 5 8 2 2 8 1 6 7 7 8 4 4 6 7 4 6 6 4 6]]
RMS&Group: 1.38665014522[[5 5 3 7 3 2 1 6 6 5 5 7 3 6 1 5 5 8 2 2 7 3 6 7 7 8 8 4 2 7 4 6 6 4 6]]
RMS&Group: 1.44203933861[[5 5 5 6 3 2 1 1 6 5 5 7 3 6 2 5 5 8 3 3 7 3 1 7 7 7 8 4 2 7 4 6 6 4 1]]
RMS&Group: 1.42094374715[[5 5 5 6 3 3 2 1 6 5 5 7 3 6 2 5 5 8 3 3 7 3 2 6 7 7 8 4 2 7 4 1 1 4 1]]
RMS&Group: 1.40786369182[[5 5 5 6 3 3 2 2 1 5 5 6 3 1 2 5 5 8 3 3 7 3 2 6 7 7 8 4 2 6 4 1 1 4 2]]
RMS&Group: 1.43627244836[[5 5 5 1 3 3 2 2 1 5 5 6 3 1 2 5 5 8 3 3 1 3 2 6 6 7 8 4 2 6 4 1 1 4 2]]
RMS&Group: 1.55164622442[[8 5 5 1 3 3 2 2 1 5 5 6 3 1 2 8 5 7 3 3 6 3 2 1 6 6 7 7 2 6 7 1 1 4 2]]
RMS&Group: 1.6333196553[[4 5 8 1 3 3 2 2 1 5 8 1 3 1 2 4 5 7 3 3 6 3 2 1 6 6 7 7 2 1 7 1 1 7 2]]
RMS&Group: 1.60506449178[[4 4 4 1 8 3 2 2 2 5 4 1 8 1 2 4 5 7 3 3 1 3 2 1 1 6 7 7 2 1 7 1 1 7 2]]
RMS&Group: 1.50324282466[[4 4 5 1 8 8 3 2 2 4 4 1 5 1 2 4 4 6 8 8 1 5 2 1 1 6 7 7 2 1 7 1 1 7 2]]
RMS&Group: 1.46197378668[[4 4 4 1 5 8 2 2 3 4 4 1 5 3 2 4 4 6 5 8 1 5 2 1 1 6 6 7 2 3 7 1 1 6 2]]
RMS&Group: 1.5208640234[[7 4 4 3 5 5 8 2 3 4 4 1 5 3 8 7 4 6 5 5 1 5 2 1 1 6 6 6 8 3 6 1 1 6 2]]
RMS&Group: 1.40627539965[[4 4 7 3 5 5 8 8 2 4 7 1 5 2 8 7 4 6 5 5 1 5 8 3 1 1 6 6 8 1 6 2 2 6 2]]
RMS&Group: 1.3843233291[[4 4 7 2 7 5 8 8 2 4 4 3 5 2 8 7 7 6 5 5 1 5 8 2 3 1 6 6 8 1 6 2 2 6 8]]
RMS&Group: 1.36808452407[[4 4 7 2 7 5 8 8 2 4 4 2 7 2 8 4 7 6 5 5 1 5 8 2 3 1 6 6 8 2 6 2 2 6 8]]
RMS&Group: 1.45907186748[[4 4 7 2 7 5 8 8 8 4 4 2 7 2 8 4 7 1 7 5 2 7 8 2 2 3 6 6 8 2 6 2 2 3 8]]
RMS&Group: 1.63795430175[[1 4 1 2 7 5 5 8 8 4 4 2 7 2 5 4 4 3 7 7 2 7 8 2 2 3 3 6 5 2 6 2 2 3 8]]
RMS&Group: 1.60438084836[[6 4 6 2 1 7 5 8 8 4 4 2 1 8 5 4 4 3 7 7 2 7 5 2 2 3 3 3 5 2 3 8 8 3 8]]
RMS&Group: 1.60709815824[[7 4 7 8 6 1 5 5 8 4 4 2 6 8 5 4 4 3 1 1 2 6 5 2 2 2 3 3 5 2 3 8 8 3 5]]
RMS&Group: 1.35825456547[[4 4 7 8 7 6 1 5 8 4 4 2 7 8 1 4 4 3 6 6 2 6 5 8 2 2 3 3 5 2 3 8 8 3 5]]
RMS&Group: 1.44964317683[[4 4 4 8 7 6 1 1 5 4 4 8 7 8 1 4 4 3 7 6 2 7 1 8 2 2 3 3 5 8 3 8 1 3 5]]
RMS&Group: 1.40657486829[[4 4 4 5 7 7 6 1 5 4 4 8 7 5 6 4 4 3 7 7 8 7 1 8 8 2 3 3 6 8 3 1 1 3 1]]
RMS&Group: 1.45715520796[[4 4 4 5 7 7 6 6 1 4 4 8 7 1 6 4 4 2 7 7 8 7 6 5 8 8 3 3 6 5 3 1 1 3 1]]
RMS&Group: 1.43365519061[[4 4 4 1 7 7 6 6 1 4 4 5 7 1 6 4 4 2 7 7 8 7 6 5 5 8 3 3 6 5 3 1 1 3 6]]
RMS&Group: 1.52311219399[[2 4 4 1 7 7 6 6 1 4 4 5 7 1 6 2 4 8 7 7 5 7 6 5 5 8 8 3 6 5 3 1 1 3 6]]
RMS&Group: 1.41582384115[[4 4 2 1 7 7 6 6 1 4 2 5 7 1 6 2 4 8 7 7 5 7 6 5 5 5 8 3 6 5 3 1 1 3 6]]
RMS&Group: 1.39899708018[[4 4 2 1 2 7 6 6 1 4 4 5 7 1 6 2 2 8 7 7 5 7 6 1 5 5 8 3 6 5 3 1 1 3 6]]
RMS&Group: 1.33017834809[[4 4 2 1 2 7 6 6 1 4 4 1 2 1 6 4 2 8 7 7 5 7 6 1 5 5 8 3 6 1 3 1 1 3 6]]
New Min RMS: 1.33017834809
RMS&Group: 1.43530589754[[4 4 2 1 2 7 6 6 6 4 4 1 2 1 6 4 2 8 2 7 1 2 6 1 1 5 8 3 6 1 3 1 1 3 6]]
RMS&Group: 1.65121064451[[8 4 8 1 2 7 7 6 6 4 4 1 2 1 7 4 4 5 2 2 1 2 6 1 1 5 5 5 7 1 5 1 1 3 6]]
RMS&Group: 1.60438084836[[3 4 3 1 8 2 7 6 6 4 4 1 8 6 7 4 4 5 2 2 1 2 7 1 1 5 5 5 7 1 5 6 6 5 6]]
RMS&Group: 1.60709815824[[2 4 2 6 3 8 7 7 6 4 4 1 3 6 7 4 4 5 8 8 1 3 7 1 1 1 5 5 7 1 5 6 6 5 7]]
RMS&Group: 1.35825456547[[4 4 2 6 2 3 8 7 6 4 4 1 2 6 8 4 4 5 3 3 1 3 7 6 1 1 5 5 7 1 5 6 6 5 7]]
RMS&Group: 1.44964317683[[4 4 4 6 2 3 8 8 7 4 4 6 2 6 8 4 4 5 2 3 1 2 8 6 1 1 5 5 7 6 5 6 8 5 7]]
RMS&Group: 1.40657486829[[4 4 4 7 2 2 3 8 7 4 4 6 2 7 3 4 4 5 2 2 6 2 8 6 6 1 5 5 3 6 5 8 8 5 8]]
RMS&Group: 1.45715520796[[4 4 4 7 2 2 3 3 8 4 4 6 2 8 3 4 4 1 2 2 6 2 3 7 6 6 5 5 3 7 5 8 8 5 8]]
RMS&Group: 1.43365519061[[4 4 4 8 2 2 3 3 8 4 4 7 2 8 3 4 4 1 2 2 6 2 3 7 7 6 5 5 3 7 5 8 8 5 3]]
RMS&Group: 1.52311219399[[1 4 4 8 2 2 3 3 8 4 4 7 2 8 3 1 4 6 2 2 7 2 3 7 7 6 6 5 3 7 5 8 8 5 3]]
RMS&Group: 1.41582384115[[4 4 1 8 2 2 3 3 8 4 1 7 2 8 3 1 4 6 2 2 7 2 3 7 7 7 6 5 3 7 5 8 8 5 3]]
RMS&Group: 1.39899708018[[4 4 1 8 1 2 3 3 8 4 4 7 2 8 3 1 1 6 2 2 7 2 3 8 7 7 6 5 3 7 5 8 8 5 3]]
RMS&Group: 1.33017834809[[4 4 1 8 1 2 3 3 8 4 4 8 1 8 3 4 1 6 2 2 7 2 3 8 7 7 6 5 3 8 5 8 8 5 3]]
New Min RMS: 1.33017834809
RMS&Group: 1.43530589754[[4 4 1 8 1 2 3 3 3 4 4 8 1 8 3 4 1 6 1 2 8 1 3 8 8 7 6 5 3 8 5 8 8 5 3]]
RMS&Group: 1.65121064451[[6 4 6 8 1 2 2 3 3 4 4 8 1 8 2 4 4 7 1 1 8 1 3 8 8 7 7 7 2 8 7 8 8 5 3]]
RMS&Group: 1.60438084836[[5 4 5 8 6 1 2 3 3 4 4 8 6 3 2 4 4 7 1 1 8 1 2 8 8 7 7 7 2 8 7 3 3 7 3]]
RMS&Group: 1.60709815824[[1 4 1 3 5 6 2 2 3 4 4 8 5 3 2 4 4 7 6 6 8 5 2 8 8 8 7 7 2 8 7 3 3 7 2]]
RMS&Group: 1.35825456547[[4 4 1 3 1 5 6 2 3 4 4 8 1 3 6 4 4 7 5 5 8 5 2 3 8 8 7 7 2 8 7 3 3 7 2]]
RMS&Group: 1.44964317683[[4 4 4 3 1 5 6 6 2 4 4 3 1 3 6 4 4 7 1 5 8 1 6 3 8 8 7 7 2 3 7 3 6 7 2]]
RMS&Group: 1.40657486829[[4 4 4 2 1 1 5 6 2 4 4 3 1 2 5 4 4 7 1 1 3 1 6 3 3 8 7 7 5 3 7 6 6 7 6]]
RMS&Group: 1.45715520796[[4 4 4 2 1 1 5 5 6 4 4 3 1 6 5 4 4 8 1 1 3 1 5 2 3 3 7 7 5 2 7 6 6 7 6]]
RMS&Group: 1.43365519061[[4 4 4 6 1 1 5 5 6 4 4 2 1 6 5 4 4 8 1 1 3 1 5 2 2 3 7 7 5 2 7 6 6 7 5]]
RMS&Group: 1.52311219399[[8 4 4 6 1 1 5 5 6 4 4 2 1 6 5 8 4 3 1 1 2 1 5 2 2 3 3 7 5 2 7 6 6 7 5]]
RMS&Group: 1.41582384115[[4 4 8 6 1 1 5 5 6 4 8 2 1 6 5 8 4 3 1 1 2 1 5 2 2 2 3 7 5 2 7 6 6 7 5]]
RMS&Group: 1.39899708018[[4 4 8 6 8 1 5 5 6 4 4 2 1 6 5 8 8 3 1 1 2 1 5 6 2 2 3 7 5 2 7 6 6 7 5]]
RMS&Group: 1.33017834809[[4 4 8 6 8 1 5 5 6 4 4 6 8 6 5 4 8 3 1 1 2 1 5 6 2 2 3 7 5 6 7 6 6 7 5]]
RMS&Group: 1.43530589754[[4 4 8 6 8 1 5 5 5 4 4 6 8 6 5 4 8 3 8 1 6 8 5 6 6 2 3 7 5 6 7 6 6 7 5]]
RMS&Group: 1.65121064451[[3 4 3 6 8 1 1 5 5 4 4 6 8 6 1 4 4 2 8 8 6 8 5 6 6 2 2 2 1 6 2 6 6 7 5]]
RMS&Group: 1.60438084836[[7 4 7 6 3 8 1 5 5 4 4 6 3 5 1 4 4 2 8 8 6 8 1 6 6 2 2 2 1 6 2 5 5 2 5]]
RMS&Group: 1.60709815824[[8 4 8 5 7 3 1 1 5 4 4 6 7 5 1 4 4 2 3 3 6 7 1 6 6 6 2 2 1 6 2 5 5 2 1]]
RMS&Group: 1.35825456547[[4 4 8 5 8 7 3 1 5 4 4 6 8 5 3 4 4 2 7 7 6 7 1 5 6 6 2 2 1 6 2 5 5 2 1]]
RMS&Group: 1.44964317683[[4 4 4 5 8 7 3 3 1 4 4 5 8 5 3 4 4 2 8 7 6 8 3 5 6 6 2 2 1 5 2 5 3 2 1]]
RMS&Group: 1.40657486829[[4 4 4 1 8 8 7 3 1 4 4 5 8 1 7 4 4 2 8 8 5 8 3 5 5 6 2 2 7 5 2 3 3 2 3]]
RMS&Group: 1.45715520796[[4 4 4 1 8 8 7 7 3 4 4 5 8 3 7 4 4 6 8 8 5 8 7 1 5 5 2 2 7 1 2 3 3 2 3]]
RMS&Group: 1.43365519061[[4 4 4 3 8 8 7 7 3 4 4 1 8 3 7 4 4 6 8 8 5 8 7 1 1 5 2 2 7 1 2 3 3 2 7]]
RMS&Group: 1.52311219399[[6 4 4 3 8 8 7 7 3 4 4 1 8 3 7 6 4 5 8 8 1 8 7 1 1 5 5 2 7 1 2 3 3 2 7]]
RMS&Group: 1.41582384115[[4 4 6 3 8 8 7 7 3 4 6 1 8 3 7 6 4 5 8 8 1 8 7 1 1 1 5 2 7 1 2 3 3 2 7]]
RMS&Group: 1.39899708018[[4 4 6 3 6 8 7 7 3 4 4 1 8 3 7 6 6 5 8 8 1 8 7 3 1 1 5 2 7 1 2 3 3 2 7]]
RMS&Group: 1.33017834809[[4 4 6 3 6 8 7 7 3 4 4 3 6 3 7 4 6 5 8 8 1 8 7 3 1 1 5 2 7 3 2 3 3 2 7]]
RMS&Group: 1.43530589754[[4 4 6 3 6 8 7 7 7 4 4 3 6 3 7 4 6 5 6 8 3 6 7 3 3 1 5 2 7 3 2 3 3 2 7]]
RMS&Group: 1.65121064451[[5 4 5 3 6 8 8 7 7 4 4 3 6 3 8 4 4 1 6 6 3 6 7 3 3 1 1 1 8 3 1 3 3 2 7]]
RMS&Group: 1.60438084836[[2 4 2 3 5 6 8 7 7 4 4 3 5 7 8 4 4 1 6 6 3 6 8 3 3 1 1 1 8 3 1 7 7 1 7]]
RMS&Group: 1.60709815824[[6 4 6 7 2 5 8 8 7 4 4 3 2 7 8 4 4 1 5 5 3 2 8 3 3 3 1 1 8 3 1 7 7 1 8]]
RMS&Group: 1.35825456547[[4 4 6 7 6 2 5 8 7 4 4 3 6 7 5 4 4 1 2 2 3 2 8 7 3 3 1 1 8 3 1 7 7 1 8]]
RMS&Group: 1.44964317683[[4 4 4 7 6 2 5 5 8 4 4 7 6 7 5 4 4 1 6 2 3 6 5 7 3 3 1 1 8 7 1 7 5 1 8]]
RMS&Group: 1.40657486829[[4 4 4 8 6 6 2 5 8 4 4 7 6 8 2 4 4 1 6 6 7 6 5 7 7 3 1 1 2 7 1 5 5 1 5]]
RMS&Group: 1.45715520796[[4 4 4 8 6 6 2 2 5 4 4 7 6 5 2 4 4 3 6 6 7 6 2 8 7 7 1 1 2 8 1 5 5 1 5]]
RMS&Group: 1.43365519061[[4 4 4 5 6 6 2 2 5 4 4 8 6 5 2 4 4 3 6 6 7 6 2 8 8 7 1 1 2 8 1 5 5 1 2]]
RMS&Group: 1.52311219399[[3 4 4 5 6 6 2 2 5 4 4 8 6 5 2 3 4 7 6 6 8 6 2 8 8 7 7 1 2 8 1 5 5 1 2]]
RMS&Group: 1.41582384115[[4 4 3 5 6 6 2 2 5 4 3 8 6 5 2 3 4 7 6 6 8 6 2 8 8 8 7 1 2 8 1 5 5 1 2]]
RMS&Group: 1.39899708018[[4 4 3 5 3 6 2 2 5 4 4 8 6 5 2 3 3 7 6 6 8 6 2 5 8 8 7 1 2 8 1 5 5 1 2]]
RMS&Group: 1.33017834809[[4 4 3 5 3 6 2 2 5 4 4 5 3 5 2 4 3 7 6 6 8 6 2 5 8 8 7 1 2 5 1 5 5 1 2]]
RMS&Group: 1.43530589754[[4 4 3 5 3 6 2 2 2 4 4 5 3 5 2 4 3 7 3 6 5 3 2 5 5 8 7 1 2 5 1 5 5 1 2]]
RMS&Group: 1.65121064451[[7 4 7 5 3 6 6 2 2 4 4 5 3 5 6 4 4 8 3 3 5 3 2 5 5 8 8 8 6 5 8 5 5 1 2]]
RMS&Group: 1.60438084836[[1 4 1 5 7 3 6 2 2 4 4 5 7 2 6 4 4 8 3 3 5 3 6 5 5 8 8 8 6 5 8 2 2 8 2]]
RMS&Group: 1.60709815824[[3 4 3 2 1 7 6 6 2 4 4 5 1 2 6 4 4 8 7 7 5 1 6 5 5 5 8 8 6 5 8 2 2 8 6]]
RMS&Group: 1.35825456547[[4 4 3 2 3 1 7 6 2 4 4 5 3 2 7 4 4 8 1 1 5 1 6 2 5 5 8 8 6 5 8 2 2 8 6]]
RMS&Group: 1.44964317683[[4 4 4 2 3 1 7 7 6 4 4 2 3 2 7 4 4 8 3 1 5 3 7 2 5 5 8 8 6 2 8 2 7 8 6]]
RMS&Group: 1.40657486829[[4 4 4 6 3 3 1 7 6 4 4 2 3 6 1 4 4 8 3 3 2 3 7 2 2 5 8 8 1 2 8 7 7 8 7]]
RMS&Group: 1.45715520796[[4 4 4 6 3 3 1 1 7 4 4 2 3 7 1 4 4 5 3 3 2 3 1 6 2 2 8 8 1 6 8 7 7 8 7]]
RMS&Group: 1.43365519061[[4 4 4 7 3 3 1 1 7 4 4 6 3 7 1 4 4 5 3 3 2 3 1 6 6 2 8 8 1 6 8 7 7 8 1]]
RMS&Group: 1.52311219399[[5 4 4 7 3 3 1 1 7 4 4 6 3 7 1 5 4 2 3 3 6 3 1 6 6 2 2 8 1 6 8 7 7 8 1]]
RMS&Group: 1.41582384115[[4 4 5 7 3 3 1 1 7 4 5 6 3 7 1 5 4 2 3 3 6 3 1 6 6 6 2 8 1 6 8 7 7 8 1]]
RMS&Group: 1.39899708018[[4 4 5 7 5 3 1 1 7 4 4 6 3 7 1 5 5 2 3 3 6 3 1 7 6 6 2 8 1 6 8 7 7 8 1]]
RMS&Group: 1.33017834809[[4 4 5 7 5 3 1 1 7 4 4 7 5 7 1 4 5 2 3 3 6 3 1 7 6 6 2 8 1 7 8 7 7 8 1]]
RMS&Group: 1.43530589754[[4 4 5 7 5 3 1 1 1 4 4 7 5 7 1 4 5 2 5 3 7 5 1 7 7 6 2 8 1 7 8 7 7 8 1]]
RMS&Group: 1.65121064451[[2 4 2 7 5 3 3 1 1 4 4 7 5 7 3 4 4 6 5 5 7 5 1 7 7 6 6 6 3 7 6 7 7 8 1]]
RMS&Group: 1.60438084836[[8 4 8 7 2 5 3 1 1 4 4 7 2 1 3 4 4 6 5 5 7 5 3 7 7 6 6 6 3 7 6 1 1 6 1]]
RMS&Group: 1.60709815824[[5 4 5 1 8 2 3 3 1 4 4 7 8 1 3 4 4 6 2 2 7 8 3 7 7 7 6 6 3 7 6 1 1 6 3]]
RMS&Group: 1.35825456547[[4 4 5 1 5 8 2 3 1 4 4 7 5 1 2 4 4 6 8 8 7 8 3 1 7 7 6 6 3 7 6 1 1 6 3]]
RMS&Group: 1.44964317683[[4 4 4 1 5 8 2 2 3 4 4 1 5 1 2 4 4 6 5 8 7 5 2 1 7 7 6 6 3 1 6 1 2 6 3]]
RMS&Group: 1.40657486829[[4 4 4 3 5 5 8 2 3 4 4 1 5 3 8 4 4 6 5 5 1 5 2 1 1 7 6 6 8 1 6 2 2 6 2]]
RMS&Group: 1.45715520796[[4 4 4 3 5 5 8 8 2 4 4 1 5 2 8 4 4 7 5 5 1 5 8 3 1 1 6 6 8 3 6 2 2 6 2]]
RMS&Group: 1.43365519061[[4 4 4 2 5 5 8 8 2 4 4 3 5 2 8 4 4 7 5 5 1 5 8 3 3 1 6 6 8 3 6 2 2 6 8]]
RMS&Group: 1.52311219399[[7 4 4 2 5 5 8 8 2 4 4 3 5 2 8 7 4 1 5 5 3 5 8 3 3 1 1 6 8 3 6 2 2 6 8]]
RMS&Group: 1.41582384115[[4 4 7 2 5 5 8 8 2 4 7 3 5 2 8 7 4 1 5 5 3 5 8 3 3 3 1 6 8 3 6 2 2 6 8]]
RMS&Group: 1.39899708018[[4 4 7 2 7 5 8 8 2 4 4 3 5 2 8 7 7 1 5 5 3 5 8 2 3 3 1 6 8 3 6 2 2 6 8]]
RMS&Group: 1.33017834809[[4 4 7 2 7 5 8 8 2 4 4 2 7 2 8 4 7 1 5 5 3 5 8 2 3 3 1 6 8 2 6 2 2 6 8]]
RMS&Group: 1.43530589754[[4 4 7 2 7 5 8 8 8 4 4 2 7 2 8 4 7 1 7 5 2 7 8 2 2 3 1 6 8 2 6 2 2 6 8]]
RMS&Group: 1.65121064451[[1 4 1 2 7 5 5 8 8 4 4 2 7 2 5 4 4 3 7 7 2 7 8 2 2 3 3 3 5 2 3 2 2 6 8]]
RMS&Group: 1.60438084836[[6 4 6 2 1 7 5 8 8 4 4 2 1 8 5 4 4 3 7 7 2 7 5 2 2 3 3 3 5 2 3 8 8 3 8]]
RMS&Group: 1.60709815824[[7 4 7 8 6 1 5 5 8 4 4 2 6 8 5 4 4 3 1 1 2 6 5 2 2 2 3 3 5 2 3 8 8 3 5]]
RMS&Group: 1.35825456547[[4 4 7 8 7 6 1 5 8 4 4 2 7 8 1 4 4 3 6 6 2 6 5 8 2 2 3 3 5 2 3 8 8 3 5]]
RMS&Group: 1.44964317683[[4 4 4 8 7 6 1 1 5 4 4 8 7 8 1 4 4 3 7 6 2 7 1 8 2 2 3 3 5 8 3 8 1 3 5]]
RMS&Group: 1.40657486829[[4 4 4 5 7 7 6 1 5 4 4 8 7 5 6 4 4 3 7 7 8 7 1 8 8 2 3 3 6 8 3 1 1 3 1]]
RMS&Group: 1.45715520796[[4 4 4 5 7 7 6 6 1 4 4 8 7 1 6 4 4 2 7 7 8 7 6 5 8 8 3 3 6 5 3 1 1 3 1]]
RMS&Group: 1.43365519061[[4 4 4 1 7 7 6 6 1 4 4 5 7 1 6 4 4 2 7 7 8 7 6 5 5 8 3 3 6 5 3 1 1 3 6]]
RMS&Group: 1.52311219399[[2 4 4 1 7 7 6 6 1 4 4 5 7 1 6 2 4 8 7 7 5 7 6 5 5 8 8 3 6 5 3 1 1 3 6]]
RMS&Group: 1.41582384115[[4 4 2 1 7 7 6 6 1 4 2 5 7 1 6 2 4 8 7 7 5 7 6 5 5 5 8 3 6 5 3 1 1 3 6]]
RMS&Group: 1.39899708018[[4 4 2 1 2 7 6 6 1 4 4 5 7 1 6 2 2 8 7 7 5 7 6 1 5 5 8 3 6 5 3 1 1 3 6]]
RMS&Group: 1.33017834809[[4 4 2 1 2 7 6 6 1 4 4 1 2 1 6 4 2 8 7 7 5 7 6 1 5 5 8 3 6 1 3 1 1 3 6]]
RMS&Group: 1.43530589754[[4 4 2 1 2 7 6 6 6 4 4 1 2 1 6 4 2 8 2 7 1 2 6 1 1 5 8 3 6 1 3 1 1 3 6]]
RMS&Group: 1.65121064451[[8 4 8 1 2 7 7 6 6 4 4 1 2 1 7 4 4 5 2 2 1 2 6 1 1 5 5 5 7 1 5 1 1 3 6]]
RMS&Group: 1.60438084836[[3 4 3 1 8 2 7 6 6 4 4 1 8 6 7 4 4 5 2 2 1 2 7 1 1 5 5 5 7 1 5 6 6 5 6]]
RMS&Group: 1.60709815824[[2 4 2 6 3 8 7 7 6 4 4 1 3 6 7 4 4 5 8 8 1 3 7 1 1 1 5 5 7 1 5 6 6 5 7]]
RMS&Group: 1.35825456547[[4 4 2 6 2 3 8 7 6 4 4 1 2 6 8 4 4 5 3 3 1 3 7 6 1 1 5 5 7 1 5 6 6 5 7]]
RMS&Group: 1.44964317683[[4 4 4 6 2 3 8 8 7 4 4 6 2 6 8 4 4 5 2 3 1 2 8 6 1 1 5 5 7 6 5 6 8 5 7]]
RMS&Group: 1.40657486829[[4 4 4 7 2 2 3 8 7 4 4 6 2 7 3 4 4 5 2 2 6 2 8 6 6 1 5 5 3 6 5 8 8 5 8]]
RMS&Group: 1.45715520796[[4 4 4 7 2 2 3 3 8 4 4 6 2 8 3 4 4 1 2 2 6 2 3 7 6 6 5 5 3 7 5 8 8 5 8]]
RMS&Group: 1.43365519061[[4 4 4 8 2 2 3 3 8 4 4 7 2 8 3 4 4 1 2 2 6 2 3 7 7 6 5 5 3 7 5 8 8 5 3]]
RMS&Group: 1.52311219399[[1 4 4 8 2 2 3 3 8 4 4 7 2 8 3 1 4 6 2 2 7 2 3 7 7 6 6 5 3 7 5 8 8 5 3]]
RMS&Group: 1.41582384115[[4 4 1 8 2 2 3 3 8 4 1 7 2 8 3 1 4 6 2 2 7 2 3 7 7 7 6 5 3 7 5 8 8 5 3]]
RMS&Group: 1.39899708018[[4 4 1 8 1 2 3 3 8 4 4 7 2 8 3 1 1 6 2 2 7 2 3 8 7 7 6 5 3 7 5 8 8 5 3]]
RMS&Group: 1.33017834809[[4 4 1 8 1 2 3 3 8 4 4 8 1 8 3 4 1 6 2 2 7 2 3 8 7 7 6 5 3 8 5 8 8 5 3]]
