RMS&Group: 2.36748608861[[5 5 5 3 5 1 2 2 3 5 5 4 5 3 1 5 5 3 5 5 3 5 2 4 4 4 3 4 5 3 4 2 2 4 2]]
New Min RMS: 2.36748608861
RMS&Group: 1.85224205019[[5 5 5 3 5 1 1 2 2 5 5 3 5 2 1 5 5 4 5 1 2 5 1 3 3 4 4 4 1 3 4 2 2 4 2]]
New Min RMS: 1.85224205019
RMS&Group: 1.8679260253[[5 5 5 2 5 1 1 2 2 5 5 3 5 2 1 5 5 4 5 1 2 5 1 3 3 3 4 4 1 3 4 2 2 4 2]]
RMS&Group: 1.88093450479[[5 5 5 2 5 1 1 2 2 5 5 3 5 2 1 5 5 4 5 1 2 5 1 2 3 3 4 4 1 3 4 2 2 4 2]]
RMS&Group: 1.88563022741[[5 5 5 2 5 1 1 2 2 5 5 3 5 2 1 5 5 4 5 1 2 5 1 2 3 3 4 4 1 2 4 2 2 4 2]]
RMS&Group: 1.90924290468[[5 5 5 2 5 1 1 2 2 5 5 2 5 2 1 5 5 4 5 1 2 5 1 2 3 3 4 3 1 2 3 2 2 4 2]]
RMS&Group: 1.95142489242[[5 5 5 2 5 1 1 2 2 5 5 2 5 2 1 5 5 4 5 1 2 5 1 2 2 3 4 3 1 2 3 2 2 3 2]]
Group disappear: 4
RMS&Group: 1.88139321233[[4 5 5 2 5 1 1 2 2 5 5 2 5 2 1 4 5 3 5 1 2 5 1 2 2 3 3 3 1 2 3 2 2 3 2]]
RMS&Group: 1.65658225107[[4 4 4 2 5 1 1 2 2 5 4 2 5 2 1 4 4 3 5 1 2 5 1 2 2 3 3 3 1 2 3 2 2 3 2]]
New Min RMS: 1.65658225107
RMS&Group: 1.48683070997[[4 4 4 2 5 1 1 2 2 4 4 2 5 2 1 4 4 3 5 5 2 5 1 2 2 3 3 3 1 2 3 2 2 3 2]]
New Min RMS: 1.48683070997
RMS&Group: 1.42591450492[[4 4 4 2 5 5 1 1 2 4 4 2 5 2 1 4 4 3 5 5 2 5 1 2 2 3 3 3 1 2 3 2 2 3 1]]
New Min RMS: 1.42591450492
RMS&Group: 1.43039051259[[4 4 4 2 5 5 1 1 1 4 4 2 5 2 1 4 4 3 5 5 2 5 1 2 2 3 3 3 1 2 3 2 2 3 1]]
RMS&Group: 1.43039051259[[4 4 4 2 5 5 1 1 1 4 4 2 5 2 1 4 4 3 5 5 2 5 1 2 2 3 3 3 1 2 3 2 2 3 1]]
RMS&Group: 1.43039051259[[4 4 4 2 5 5 1 1 1 4 4 2 5 2 1 4 4 3 5 5 2 5 1 2 2 3 3 3 1 2 3 2 2 3 1]]
RMS&Group: 1.43039051259[[4 4 4 2 5 5 1 1 1 4 4 2 5 2 1 4 4 3 5 5 2 5 1 2 2 3 3 3 1 2 3 2 2 3 1]]
RMS&Group: 1.43039051259[[4 4 4 2 5 5 1 1 1 4 4 2 5 2 1 4 4 3 5 5 2 5 1 2 2 3 3 3 1 2 3 2 2 3 1]]
RMS&Group: 1.43039051259[[4 4 4 2 5 5 1 1 1 4 4 2 5 2 1 4 4 3 5 5 2 5 1 2 2 3 3 3 1 2 3 2 2 3 1]]
RMS&Group: 1.43039051259[[4 4 4 2 5 5 1 1 1 4 4 2 5 2 1 4 4 3 5 5 2 5 1 2 2 3 3 3 1 2 3 2 2 3 1]]
RMS&Group: 1.43039051259[[4 4 4 2 5 5 1 1 1 4 4 2 5 2 1 4 4 3 5 5 2 5 1 2 2 3 3 3 1 2 3 2 2 3 1]]
RMS&Group: 1.43039051259[[4 4 4 2 5 5 1 1 1 4 4 2 5 2 1 4 4 3 5 5 2 5 1 2 2 3 3 3 1 2 3 2 2 3 1]]
RMS&Group: 1.43039051259[[4 4 4 2 5 5 1 1 1 4 4 2 5 2 1 4 4 3 5 5 2 5 1 2 2 3 3 3 1 2 3 2 2 3 1]]
RMS&Group: 1.43039051259[[4 4 4 2 5 5 1 1 1 4 4 2 5 2 1 4 4 3 5 5 2 5 1 2 2 3 3 3 1 2 3 2 2 3 1]]
RMS&Group: 1.43039051259[[4 4 4 2 5 5 1 1 1 4 4 2 5 2 1 4 4 3 5 5 2 5 1 2 2 3 3 3 1 2 3 2 2 3 1]]
RMS&Group: 1.43039051259[[4 4 4 2 5 5 1 1 1 4 4 2 5 2 1 4 4 3 5 5 2 5 1 2 2 3 3 3 1 2 3 2 2 3 1]]
RMS&Group: 1.43039051259[[4 4 4 2 5 5 1 1 1 4 4 2 5 2 1 4 4 3 5 5 2 5 1 2 2 3 3 3 1 2 3 2 2 3 1]]
RMS&Group: 1.43039051259[[4 4 4 2 5 5 1 1 1 4 4 2 5 2 1 4 4 3 5 5 2 5 1 2 2 3 3 3 1 2 3 2 2 3 1]]
RMS&Group: 1.43039051259[[4 4 4 2 5 5 1 1 1 4 4 2 5 2 1 4 4 3 5 5 2 5 1 2 2 3 3 3 1 2 3 2 2 3 1]]
RMS&Group: 1.43039051259[[4 4 4 2 5 5 1 1 1 4 4 2 5 2 1 4 4 3 5 5 2 5 1 2 2 3 3 3 1 2 3 2 2 3 1]]
RMS&Group: 1.43039051259[[4 4 4 2 5 5 1 1 1 4 4 2 5 2 1 4 4 3 5 5 2 5 1 2 2 3 3 3 1 2 3 2 2 3 1]]
RMS&Group: 1.43039051259[[4 4 4 2 5 5 1 1 1 4 4 2 5 2 1 4 4 3 5 5 2 5 1 2 2 3 3 3 1 2 3 2 2 3 1]]
RMS&Group: 1.43039051259[[4 4 4 2 5 5 1 1 1 4 4 2 5 2 1 4 4 3 5 5 2 5 1 2 2 3 3 3 1 2 3 2 2 3 1]]
RMS&Group: 1.43039051259[[4 4 4 2 5 5 1 1 1 4 4 2 5 2 1 4 4 3 5 5 2 5 1 2 2 3 3 3 1 2 3 2 2 3 1]]
RMS&Group: 1.43039051259[[4 4 4 2 5 5 1 1 1 4 4 2 5 2 1 4 4 3 5 5 2 5 1 2 2 3 3 3 1 2 3 2 2 3 1]]
RMS&Group: 1.43039051259[[4 4 4 2 5 5 1 1 1 4 4 2 5 2 1 4 4 3 5 5 2 5 1 2 2 3 3 3 1 2 3 2 2 3 1]]
RMS&Group: 1.43039051259[[4 4 4 2 5 5 1 1 1 4 4 2 5 2 1 4 4 3 5 5 2 5 1 2 2 3 3 3 1 2 3 2 2 3 1]]
RMS&Group: 1.43039051259[[4 4 4 2 5 5 1 1 1 4 4 2 5 2 1 4 4 3 5 5 2 5 1 2 2 3 3 3 1 2 3 2 2 3 1]]
RMS&Group: 1.43039051259[[4 4 4 2 5 5 1 1 1 4 4 2 5 2 1 4 4 3 5 5 2 5 1 2 2 3 3 3 1 2 3 2 2 3 1]]
RMS&Group: 1.43039051259[[4 4 4 2 5 5 1 1 1 4 4 2 5 2 1 4 4 3 5 5 2 5 1 2 2 3 3 3 1 2 3 2 2 3 1]]
RMS&Group: 1.43039051259[[4 4 4 2 5 5 1 1 1 4 4 2 5 2 1 4 4 3 5 5 2 5 1 2 2 3 3 3 1 2 3 2 2 3 1]]
RMS&Group: 1.43039051259[[4 4 4 2 5 5 1 1 1 4 4 2 5 2 1 4 4 3 5 5 2 5 1 2 2 3 3 3 1 2 3 2 2 3 1]]
RMS&Group: 1.43039051259[[4 4 4 2 5 5 1 1 1 4 4 2 5 2 1 4 4 3 5 5 2 5 1 2 2 3 3 3 1 2 3 2 2 3 1]]
RMS&Group: 1.43039051259[[4 4 4 2 5 5 1 1 1 4 4 2 5 2 1 4 4 3 5 5 2 5 1 2 2 3 3 3 1 2 3 2 2 3 1]]
RMS&Group: 1.43039051259[[4 4 4 2 5 5 1 1 1 4 4 2 5 2 1 4 4 3 5 5 2 5 1 2 2 3 3 3 1 2 3 2 2 3 1]]
RMS&Group: 1.43039051259[[4 4 4 2 5 5 1 1 1 4 4 2 5 2 1 4 4 3 5 5 2 5 1 2 2 3 3 3 1 2 3 2 2 3 1]]
RMS&Group: 1.43039051259[[4 4 4 2 5 5 1 1 1 4 4 2 5 2 1 4 4 3 5 5 2 5 1 2 2 3 3 3 1 2 3 2 2 3 1]]
RMS&Group: 1.43039051259[[4 4 4 2 5 5 1 1 1 4 4 2 5 2 1 4 4 3 5 5 2 5 1 2 2 3 3 3 1 2 3 2 2 3 1]]
RMS&Group: 1.43039051259[[4 4 4 2 5 5 1 1 1 4 4 2 5 2 1 4 4 3 5 5 2 5 1 2 2 3 3 3 1 2 3 2 2 3 1]]
RMS&Group: 1.43039051259[[4 4 4 2 5 5 1 1 1 4 4 2 5 2 1 4 4 3 5 5 2 5 1 2 2 3 3 3 1 2 3 2 2 3 1]]
RMS&Group: 1.43039051259[[4 4 4 2 5 5 1 1 1 4 4 2 5 2 1 4 4 3 5 5 2 5 1 2 2 3 3 3 1 2 3 2 2 3 1]]
RMS&Group: 1.43039051259[[4 4 4 2 5 5 1 1 1 4 4 2 5 2 1 4 4 3 5 5 2 5 1 2 2 3 3 3 1 2 3 2 2 3 1]]
RMS&Group: 1.43039051259[[4 4 4 2 5 5 1 1 1 4 4 2 5 2 1 4 4 3 5 5 2 5 1 2 2 3 3 3 1 2 3 2 2 3 1]]
RMS&Group: 1.43039051259[[4 4 4 2 5 5 1 1 1 4 4 2 5 2 1 4 4 3 5 5 2 5 1 2 2 3 3 3 1 2 3 2 2 3 1]]
RMS&Group: 1.43039051259[[4 4 4 2 5 5 1 1 1 4 4 2 5 2 1 4 4 3 5 5 2 5 1 2 2 3 3 3 1 2 3 2 2 3 1]]
RMS&Group: 1.43039051259[[4 4 4 2 5 5 1 1 1 4 4 2 5 2 1 4 4 3 5 5 2 5 1 2 2 3 3 3 1 2 3 2 2 3 1]]
RMS&Group: 1.43039051259[[4 4 4 2 5 5 1 1 1 4 4 2 5 2 1 4 4 3 5 5 2 5 1 2 2 3 3 3 1 2 3 2 2 3 1]]
RMS&Group: 1.43039051259[[4 4 4 2 5 5 1 1 1 4 4 2 5 2 1 4 4 3 5 5 2 5 1 2 2 3 3 3 1 2 3 2 2 3 1]]
RMS&Group: 1.43039051259[[4 4 4 2 5 5 1 1 1 4 4 2 5 2 1 4 4 3 5 5 2 5 1 2 2 3 3 3 1 2 3 2 2 3 1]]
RMS&Group: 1.43039051259[[4 4 4 2 5 5 1 1 1 4 4 2 5 2 1 4 4 3 5 5 2 5 1 2 2 3 3 3 1 2 3 2 2 3 1]]
RMS&Group: 1.43039051259[[4 4 4 2 5 5 1 1 1 4 4 2 5 2 1 4 4 3 5 5 2 5 1 2 2 3 3 3 1 2 3 2 2 3 1]]
RMS&Group: 1.43039051259[[4 4 4 2 5 5 1 1 1 4 4 2 5 2 1 4 4 3 5 5 2 5 1 2 2 3 3 3 1 2 3 2 2 3 1]]
RMS&Group: 1.43039051259[[4 4 4 2 5 5 1 1 1 4 4 2 5 2 1 4 4 3 5 5 2 5 1 2 2 3 3 3 1 2 3 2 2 3 1]]
RMS&Group: 1.43039051259[[4 4 4 2 5 5 1 1 1 4 4 2 5 2 1 4 4 3 5 5 2 5 1 2 2 3 3 3 1 2 3 2 2 3 1]]
RMS&Group: 1.43039051259[[4 4 4 2 5 5 1 1 1 4 4 2 5 2 1 4 4 3 5 5 2 5 1 2 2 3 3 3 1 2 3 2 2 3 1]]
RMS&Group: 1.43039051259[[4 4 4 2 5 5 1 1 1 4 4 2 5 2 1 4 4 3 5 5 2 5 1 2 2 3 3 3 1 2 3 2 2 3 1]]
RMS&Group: 1.43039051259[[4 4 4 2 5 5 1 1 1 4 4 2 5 2 1 4 4 3 5 5 2 5 1 2 2 3 3 3 1 2 3 2 2 3 1]]
RMS&Group: 1.43039051259[[4 4 4 2 5 5 1 1 1 4 4 2 5 2 1 4 4 3 5 5 2 5 1 2 2 3 3 3 1 2 3 2 2 3 1]]
RMS&Group: 1.43039051259[[4 4 4 2 5 5 1 1 1 4 4 2 5 2 1 4 4 3 5 5 2 5 1 2 2 3 3 3 1 2 3 2 2 3 1]]
RMS&Group: 1.43039051259[[4 4 4 2 5 5 1 1 1 4 4 2 5 2 1 4 4 3 5 5 2 5 1 2 2 3 3 3 1 2 3 2 2 3 1]]
RMS&Group: 1.43039051259[[4 4 4 2 5 5 1 1 1 4 4 2 5 2 1 4 4 3 5 5 2 5 1 2 2 3 3 3 1 2 3 2 2 3 1]]
RMS&Group: 1.43039051259[[4 4 4 2 5 5 1 1 1 4 4 2 5 2 1 4 4 3 5 5 2 5 1 2 2 3 3 3 1 2 3 2 2 3 1]]
RMS&Group: 1.43039051259[[4 4 4 2 5 5 1 1 1 4 4 2 5 2 1 4 4 3 5 5 2 5 1 2 2 3 3 3 1 2 3 2 2 3 1]]
RMS&Group: 1.43039051259[[4 4 4 2 5 5 1 1 1 4 4 2 5 2 1 4 4 3 5 5 2 5 1 2 2 3 3 3 1 2 3 2 2 3 1]]
RMS&Group: 1.43039051259[[4 4 4 2 5 5 1 1 1 4 4 2 5 2 1 4 4 3 5 5 2 5 1 2 2 3 3 3 1 2 3 2 2 3 1]]
RMS&Group: 1.43039051259[[4 4 4 2 5 5 1 1 1 4 4 2 5 2 1 4 4 3 5 5 2 5 1 2 2 3 3 3 1 2 3 2 2 3 1]]
RMS&Group: 1.43039051259[[4 4 4 2 5 5 1 1 1 4 4 2 5 2 1 4 4 3 5 5 2 5 1 2 2 3 3 3 1 2 3 2 2 3 1]]
RMS&Group: 1.43039051259[[4 4 4 2 5 5 1 1 1 4 4 2 5 2 1 4 4 3 5 5 2 5 1 2 2 3 3 3 1 2 3 2 2 3 1]]
RMS&Group: 1.43039051259[[4 4 4 2 5 5 1 1 1 4 4 2 5 2 1 4 4 3 5 5 2 5 1 2 2 3 3 3 1 2 3 2 2 3 1]]
RMS&Group: 1.43039051259[[4 4 4 2 5 5 1 1 1 4 4 2 5 2 1 4 4 3 5 5 2 5 1 2 2 3 3 3 1 2 3 2 2 3 1]]
RMS&Group: 1.43039051259[[4 4 4 2 5 5 1 1 1 4 4 2 5 2 1 4 4 3 5 5 2 5 1 2 2 3 3 3 1 2 3 2 2 3 1]]
RMS&Group: 1.43039051259[[4 4 4 2 5 5 1 1 1 4 4 2 5 2 1 4 4 3 5 5 2 5 1 2 2 3 3 3 1 2 3 2 2 3 1]]
RMS&Group: 1.43039051259[[4 4 4 2 5 5 1 1 1 4 4 2 5 2 1 4 4 3 5 5 2 5 1 2 2 3 3 3 1 2 3 2 2 3 1]]
RMS&Group: 1.43039051259[[4 4 4 2 5 5 1 1 1 4 4 2 5 2 1 4 4 3 5 5 2 5 1 2 2 3 3 3 1 2 3 2 2 3 1]]
RMS&Group: 1.43039051259[[4 4 4 2 5 5 1 1 1 4 4 2 5 2 1 4 4 3 5 5 2 5 1 2 2 3 3 3 1 2 3 2 2 3 1]]
RMS&Group: 1.43039051259[[4 4 4 2 5 5 1 1 1 4 4 2 5 2 1 4 4 3 5 5 2 5 1 2 2 3 3 3 1 2 3 2 2 3 1]]
RMS&Group: 1.43039051259[[4 4 4 2 5 5 1 1 1 4 4 2 5 2 1 4 4 3 5 5 2 5 1 2 2 3 3 3 1 2 3 2 2 3 1]]
RMS&Group: 1.43039051259[[4 4 4 2 5 5 1 1 1 4 4 2 5 2 1 4 4 3 5 5 2 5 1 2 2 3 3 3 1 2 3 2 2 3 1]]
RMS&Group: 1.43039051259[[4 4 4 2 5 5 1 1 1 4 4 2 5 2 1 4 4 3 5 5 2 5 1 2 2 3 3 3 1 2 3 2 2 3 1]]
RMS&Group: 1.43039051259[[4 4 4 2 5 5 1 1 1 4 4 2 5 2 1 4 4 3 5 5 2 5 1 2 2 3 3 3 1 2 3 2 2 3 1]]
RMS&Group: 1.43039051259[[4 4 4 2 5 5 1 1 1 4 4 2 5 2 1 4 4 3 5 5 2 5 1 2 2 3 3 3 1 2 3 2 2 3 1]]
RMS&Group: 1.43039051259[[4 4 4 2 5 5 1 1 1 4 4 2 5 2 1 4 4 3 5 5 2 5 1 2 2 3 3 3 1 2 3 2 2 3 1]]
RMS&Group: 1.43039051259[[4 4 4 2 5 5 1 1 1 4 4 2 5 2 1 4 4 3 5 5 2 5 1 2 2 3 3 3 1 2 3 2 2 3 1]]
RMS&Group: 1.43039051259[[4 4 4 2 5 5 1 1 1 4 4 2 5 2 1 4 4 3 5 5 2 5 1 2 2 3 3 3 1 2 3 2 2 3 1]]
RMS&Group: 1.43039051259[[4 4 4 2 5 5 1 1 1 4 4 2 5 2 1 4 4 3 5 5 2 5 1 2 2 3 3 3 1 2 3 2 2 3 1]]
RMS&Group: 1.43039051259[[4 4 4 2 5 5 1 1 1 4 4 2 5 2 1 4 4 3 5 5 2 5 1 2 2 3 3 3 1 2 3 2 2 3 1]]
RMS&Group: 1.43039051259[[4 4 4 2 5 5 1 1 1 4 4 2 5 2 1 4 4 3 5 5 2 5 1 2 2 3 3 3 1 2 3 2 2 3 1]]
RMS&Group: 1.43039051259[[4 4 4 2 5 5 1 1 1 4 4 2 5 2 1 4 4 3 5 5 2 5 1 2 2 3 3 3 1 2 3 2 2 3 1]]
RMS&Group: 1.43039051259[[4 4 4 2 5 5 1 1 1 4 4 2 5 2 1 4 4 3 5 5 2 5 1 2 2 3 3 3 1 2 3 2 2 3 1]]
RMS&Group: 1.43039051259[[4 4 4 2 5 5 1 1 1 4 4 2 5 2 1 4 4 3 5 5 2 5 1 2 2 3 3 3 1 2 3 2 2 3 1]]
RMS&Group: 1.43039051259[[4 4 4 2 5 5 1 1 1 4 4 2 5 2 1 4 4 3 5 5 2 5 1 2 2 3 3 3 1 2 3 2 2 3 1]]
RMS&Group: 1.43039051259[[4 4 4 2 5 5 1 1 1 4 4 2 5 2 1 4 4 3 5 5 2 5 1 2 2 3 3 3 1 2 3 2 2 3 1]]
RMS&Group: 1.43039051259[[4 4 4 2 5 5 1 1 1 4 4 2 5 2 1 4 4 3 5 5 2 5 1 2 2 3 3 3 1 2 3 2 2 3 1]]
RMS&Group: 1.43039051259[[4 4 4 2 5 5 1 1 1 4 4 2 5 2 1 4 4 3 5 5 2 5 1 2 2 3 3 3 1 2 3 2 2 3 1]]
RMS&Group: 1.43039051259[[4 4 4 2 5 5 1 1 1 4 4 2 5 2 1 4 4 3 5 5 2 5 1 2 2 3 3 3 1 2 3 2 2 3 1]]
RMS&Group: 1.43039051259[[4 4 4 2 5 5 1 1 1 4 4 2 5 2 1 4 4 3 5 5 2 5 1 2 2 3 3 3 1 2 3 2 2 3 1]]
RMS&Group: 1.43039051259[[4 4 4 2 5 5 1 1 1 4 4 2 5 2 1 4 4 3 5 5 2 5 1 2 2 3 3 3 1 2 3 2 2 3 1]]
RMS&Group: 1.43039051259[[4 4 4 2 5 5 1 1 1 4 4 2 5 2 1 4 4 3 5 5 2 5 1 2 2 3 3 3 1 2 3 2 2 3 1]]
RMS&Group: 1.43039051259[[4 4 4 2 5 5 1 1 1 4 4 2 5 2 1 4 4 3 5 5 2 5 1 2 2 3 3 3 1 2 3 2 2 3 1]]
RMS&Group: 1.43039051259[[4 4 4 2 5 5 1 1 1 4 4 2 5 2 1 4 4 3 5 5 2 5 1 2 2 3 3 3 1 2 3 2 2 3 1]]
RMS&Group: 1.43039051259[[4 4 4 2 5 5 1 1 1 4 4 2 5 2 1 4 4 3 5 5 2 5 1 2 2 3 3 3 1 2 3 2 2 3 1]]
RMS&Group: 1.43039051259[[4 4 4 2 5 5 1 1 1 4 4 2 5 2 1 4 4 3 5 5 2 5 1 2 2 3 3 3 1 2 3 2 2 3 1]]
RMS&Group: 1.43039051259[[4 4 4 2 5 5 1 1 1 4 4 2 5 2 1 4 4 3 5 5 2 5 1 2 2 3 3 3 1 2 3 2 2 3 1]]
RMS&Group: 1.43039051259[[4 4 4 2 5 5 1 1 1 4 4 2 5 2 1 4 4 3 5 5 2 5 1 2 2 3 3 3 1 2 3 2 2 3 1]]
RMS&Group: 1.43039051259[[4 4 4 2 5 5 1 1 1 4 4 2 5 2 1 4 4 3 5 5 2 5 1 2 2 3 3 3 1 2 3 2 2 3 1]]
RMS&Group: 1.43039051259[[4 4 4 2 5 5 1 1 1 4 4 2 5 2 1 4 4 3 5 5 2 5 1 2 2 3 3 3 1 2 3 2 2 3 1]]
RMS&Group: 1.43039051259[[4 4 4 2 5 5 1 1 1 4 4 2 5 2 1 4 4 3 5 5 2 5 1 2 2 3 3 3 1 2 3 2 2 3 1]]
RMS&Group: 1.43039051259[[4 4 4 2 5 5 1 1 1 4 4 2 5 2 1 4 4 3 5 5 2 5 1 2 2 3 3 3 1 2 3 2 2 3 1]]
RMS&Group: 1.43039051259[[4 4 4 2 5 5 1 1 1 4 4 2 5 2 1 4 4 3 5 5 2 5 1 2 2 3 3 3 1 2 3 2 2 3 1]]
RMS&Group: 1.43039051259[[4 4 4 2 5 5 1 1 1 4 4 2 5 2 1 4 4 3 5 5 2 5 1 2 2 3 3 3 1 2 3 2 2 3 1]]
RMS&Group: 1.43039051259[[4 4 4 2 5 5 1 1 1 4 4 2 5 2 1 4 4 3 5 5 2 5 1 2 2 3 3 3 1 2 3 2 2 3 1]]
RMS&Group: 1.43039051259[[4 4 4 2 5 5 1 1 1 4 4 2 5 2 1 4 4 3 5 5 2 5 1 2 2 3 3 3 1 2 3 2 2 3 1]]
RMS&Group: 1.43039051259[[4 4 4 2 5 5 1 1 1 4 4 2 5 2 1 4 4 3 5 5 2 5 1 2 2 3 3 3 1 2 3 2 2 3 1]]
RMS&Group: 1.43039051259[[4 4 4 2 5 5 1 1 1 4 4 2 5 2 1 4 4 3 5 5 2 5 1 2 2 3 3 3 1 2 3 2 2 3 1]]
RMS&Group: 1.43039051259[[4 4 4 2 5 5 1 1 1 4 4 2 5 2 1 4 4 3 5 5 2 5 1 2 2 3 3 3 1 2 3 2 2 3 1]]
RMS&Group: 1.43039051259[[4 4 4 2 5 5 1 1 1 4 4 2 5 2 1 4 4 3 5 5 2 5 1 2 2 3 3 3 1 2 3 2 2 3 1]]
RMS&Group: 1.43039051259[[4 4 4 2 5 5 1 1 1 4 4 2 5 2 1 4 4 3 5 5 2 5 1 2 2 3 3 3 1 2 3 2 2 3 1]]
RMS&Group: 1.43039051259[[4 4 4 2 5 5 1 1 1 4 4 2 5 2 1 4 4 3 5 5 2 5 1 2 2 3 3 3 1 2 3 2 2 3 1]]
RMS&Group: 1.43039051259[[4 4 4 2 5 5 1 1 1 4 4 2 5 2 1 4 4 3 5 5 2 5 1 2 2 3 3 3 1 2 3 2 2 3 1]]
RMS&Group: 1.43039051259[[4 4 4 2 5 5 1 1 1 4 4 2 5 2 1 4 4 3 5 5 2 5 1 2 2 3 3 3 1 2 3 2 2 3 1]]
RMS&Group: 1.43039051259[[4 4 4 2 5 5 1 1 1 4 4 2 5 2 1 4 4 3 5 5 2 5 1 2 2 3 3 3 1 2 3 2 2 3 1]]
RMS&Group: 1.43039051259[[4 4 4 2 5 5 1 1 1 4 4 2 5 2 1 4 4 3 5 5 2 5 1 2 2 3 3 3 1 2 3 2 2 3 1]]
RMS&Group: 1.43039051259[[4 4 4 2 5 5 1 1 1 4 4 2 5 2 1 4 4 3 5 5 2 5 1 2 2 3 3 3 1 2 3 2 2 3 1]]
RMS&Group: 1.43039051259[[4 4 4 2 5 5 1 1 1 4 4 2 5 2 1 4 4 3 5 5 2 5 1 2 2 3 3 3 1 2 3 2 2 3 1]]
RMS&Group: 1.43039051259[[4 4 4 2 5 5 1 1 1 4 4 2 5 2 1 4 4 3 5 5 2 5 1 2 2 3 3 3 1 2 3 2 2 3 1]]
RMS&Group: 1.43039051259[[4 4 4 2 5 5 1 1 1 4 4 2 5 2 1 4 4 3 5 5 2 5 1 2 2 3 3 3 1 2 3 2 2 3 1]]
RMS&Group: 1.43039051259[[4 4 4 2 5 5 1 1 1 4 4 2 5 2 1 4 4 3 5 5 2 5 1 2 2 3 3 3 1 2 3 2 2 3 1]]
RMS&Group: 1.43039051259[[4 4 4 2 5 5 1 1 1 4 4 2 5 2 1 4 4 3 5 5 2 5 1 2 2 3 3 3 1 2 3 2 2 3 1]]
RMS&Group: 1.43039051259[[4 4 4 2 5 5 1 1 1 4 4 2 5 2 1 4 4 3 5 5 2 5 1 2 2 3 3 3 1 2 3 2 2 3 1]]
RMS&Group: 1.43039051259[[4 4 4 2 5 5 1 1 1 4 4 2 5 2 1 4 4 3 5 5 2 5 1 2 2 3 3 3 1 2 3 2 2 3 1]]
RMS&Group: 1.43039051259[[4 4 4 2 5 5 1 1 1 4 4 2 5 2 1 4 4 3 5 5 2 5 1 2 2 3 3 3 1 2 3 2 2 3 1]]
RMS&Group: 1.43039051259[[4 4 4 2 5 5 1 1 1 4 4 2 5 2 1 4 4 3 5 5 2 5 1 2 2 3 3 3 1 2 3 2 2 3 1]]
RMS&Group: 1.43039051259[[4 4 4 2 5 5 1 1 1 4 4 2 5 2 1 4 4 3 5 5 2 5 1 2 2 3 3 3 1 2 3 2 2 3 1]]
RMS&Group: 1.43039051259[[4 4 4 2 5 5 1 1 1 4 4 2 5 2 1 4 4 3 5 5 2 5 1 2 2 3 3 3 1 2 3 2 2 3 1]]
RMS&Group: 1.43039051259[[4 4 4 2 5 5 1 1 1 4 4 2 5 2 1 4 4 3 5 5 2 5 1 2 2 3 3 3 1 2 3 2 2 3 1]]
RMS&Group: 1.43039051259[[4 4 4 2 5 5 1 1 1 4 4 2 5 2 1 4 4 3 5 5 2 5 1 2 2 3 3 3 1 2 3 2 2 3 1]]
RMS&Group: 1.43039051259[[4 4 4 2 5 5 1 1 1 4 4 2 5 2 1 4 4 3 5 5 2 5 1 2 2 3 3 3 1 2 3 2 2 3 1]]
RMS&Group: 1.43039051259[[4 4 4 2 5 5 1 1 1 4 4 2 5 2 1 4 4 3 5 5 2 5 1 2 2 3 3 3 1 2 3 2 2 3 1]]
RMS&Group: 1.43039051259[[4 4 4 2 5 5 1 1 1 4 4 2 5 2 1 4 4 3 5 5 2 5 1 2 2 3 3 3 1 2 3 2 2 3 1]]
RMS&Group: 1.43039051259[[4 4 4 2 5 5 1 1 1 4 4 2 5 2 1 4 4 3 5 5 2 5 1 2 2 3 3 3 1 2 3 2 2 3 1]]
RMS&Group: 1.43039051259[[4 4 4 2 5 5 1 1 1 4 4 2 5 2 1 4 4 3 5 5 2 5 1 2 2 3 3 3 1 2 3 2 2 3 1]]
RMS&Group: 1.43039051259[[4 4 4 2 5 5 1 1 1 4 4 2 5 2 1 4 4 3 5 5 2 5 1 2 2 3 3 3 1 2 3 2 2 3 1]]
RMS&Group: 1.43039051259[[4 4 4 2 5 5 1 1 1 4 4 2 5 2 1 4 4 3 5 5 2 5 1 2 2 3 3 3 1 2 3 2 2 3 1]]
RMS&Group: 1.43039051259[[4 4 4 2 5 5 1 1 1 4 4 2 5 2 1 4 4 3 5 5 2 5 1 2 2 3 3 3 1 2 3 2 2 3 1]]
RMS&Group: 1.43039051259[[4 4 4 2 5 5 1 1 1 4 4 2 5 2 1 4 4 3 5 5 2 5 1 2 2 3 3 3 1 2 3 2 2 3 1]]
RMS&Group: 1.43039051259[[4 4 4 2 5 5 1 1 1 4 4 2 5 2 1 4 4 3 5 5 2 5 1 2 2 3 3 3 1 2 3 2 2 3 1]]
RMS&Group: 1.43039051259[[4 4 4 2 5 5 1 1 1 4 4 2 5 2 1 4 4 3 5 5 2 5 1 2 2 3 3 3 1 2 3 2 2 3 1]]
RMS&Group: 1.43039051259[[4 4 4 2 5 5 1 1 1 4 4 2 5 2 1 4 4 3 5 5 2 5 1 2 2 3 3 3 1 2 3 2 2 3 1]]
RMS&Group: 1.43039051259[[4 4 4 2 5 5 1 1 1 4 4 2 5 2 1 4 4 3 5 5 2 5 1 2 2 3 3 3 1 2 3 2 2 3 1]]
RMS&Group: 1.43039051259[[4 4 4 2 5 5 1 1 1 4 4 2 5 2 1 4 4 3 5 5 2 5 1 2 2 3 3 3 1 2 3 2 2 3 1]]
RMS&Group: 1.43039051259[[4 4 4 2 5 5 1 1 1 4 4 2 5 2 1 4 4 3 5 5 2 5 1 2 2 3 3 3 1 2 3 2 2 3 1]]
RMS&Group: 1.43039051259[[4 4 4 2 5 5 1 1 1 4 4 2 5 2 1 4 4 3 5 5 2 5 1 2 2 3 3 3 1 2 3 2 2 3 1]]
RMS&Group: 1.43039051259[[4 4 4 2 5 5 1 1 1 4 4 2 5 2 1 4 4 3 5 5 2 5 1 2 2 3 3 3 1 2 3 2 2 3 1]]
RMS&Group: 1.43039051259[[4 4 4 2 5 5 1 1 1 4 4 2 5 2 1 4 4 3 5 5 2 5 1 2 2 3 3 3 1 2 3 2 2 3 1]]
RMS&Group: 1.43039051259[[4 4 4 2 5 5 1 1 1 4 4 2 5 2 1 4 4 3 5 5 2 5 1 2 2 3 3 3 1 2 3 2 2 3 1]]
RMS&Group: 1.43039051259[[4 4 4 2 5 5 1 1 1 4 4 2 5 2 1 4 4 3 5 5 2 5 1 2 2 3 3 3 1 2 3 2 2 3 1]]
RMS&Group: 1.43039051259[[4 4 4 2 5 5 1 1 1 4 4 2 5 2 1 4 4 3 5 5 2 5 1 2 2 3 3 3 1 2 3 2 2 3 1]]
RMS&Group: 1.43039051259[[4 4 4 2 5 5 1 1 1 4 4 2 5 2 1 4 4 3 5 5 2 5 1 2 2 3 3 3 1 2 3 2 2 3 1]]
RMS&Group: 1.43039051259[[4 4 4 2 5 5 1 1 1 4 4 2 5 2 1 4 4 3 5 5 2 5 1 2 2 3 3 3 1 2 3 2 2 3 1]]
RMS&Group: 1.43039051259[[4 4 4 2 5 5 1 1 1 4 4 2 5 2 1 4 4 3 5 5 2 5 1 2 2 3 3 3 1 2 3 2 2 3 1]]
RMS&Group: 1.43039051259[[4 4 4 2 5 5 1 1 1 4 4 2 5 2 1 4 4 3 5 5 2 5 1 2 2 3 3 3 1 2 3 2 2 3 1]]
RMS&Group: 1.43039051259[[4 4 4 2 5 5 1 1 1 4 4 2 5 2 1 4 4 3 5 5 2 5 1 2 2 3 3 3 1 2 3 2 2 3 1]]
RMS&Group: 1.43039051259[[4 4 4 2 5 5 1 1 1 4 4 2 5 2 1 4 4 3 5 5 2 5 1 2 2 3 3 3 1 2 3 2 2 3 1]]
RMS&Group: 1.43039051259[[4 4 4 2 5 5 1 1 1 4 4 2 5 2 1 4 4 3 5 5 2 5 1 2 2 3 3 3 1 2 3 2 2 3 1]]
RMS&Group: 1.43039051259[[4 4 4 2 5 5 1 1 1 4 4 2 5 2 1 4 4 3 5 5 2 5 1 2 2 3 3 3 1 2 3 2 2 3 1]]
RMS&Group: 1.43039051259[[4 4 4 2 5 5 1 1 1 4 4 2 5 2 1 4 4 3 5 5 2 5 1 2 2 3 3 3 1 2 3 2 2 3 1]]
RMS&Group: 1.43039051259[[4 4 4 2 5 5 1 1 1 4 4 2 5 2 1 4 4 3 5 5 2 5 1 2 2 3 3 3 1 2 3 2 2 3 1]]
RMS&Group: 1.43039051259[[4 4 4 2 5 5 1 1 1 4 4 2 5 2 1 4 4 3 5 5 2 5 1 2 2 3 3 3 1 2 3 2 2 3 1]]
RMS&Group: 1.43039051259[[4 4 4 2 5 5 1 1 1 4 4 2 5 2 1 4 4 3 5 5 2 5 1 2 2 3 3 3 1 2 3 2 2 3 1]]
RMS&Group: 1.43039051259[[4 4 4 2 5 5 1 1 1 4 4 2 5 2 1 4 4 3 5 5 2 5 1 2 2 3 3 3 1 2 3 2 2 3 1]]
RMS&Group: 1.43039051259[[4 4 4 2 5 5 1 1 1 4 4 2 5 2 1 4 4 3 5 5 2 5 1 2 2 3 3 3 1 2 3 2 2 3 1]]
RMS&Group: 1.43039051259[[4 4 4 2 5 5 1 1 1 4 4 2 5 2 1 4 4 3 5 5 2 5 1 2 2 3 3 3 1 2 3 2 2 3 1]]
RMS&Group: 1.43039051259[[4 4 4 2 5 5 1 1 1 4 4 2 5 2 1 4 4 3 5 5 2 5 1 2 2 3 3 3 1 2 3 2 2 3 1]]
RMS&Group: 1.43039051259[[4 4 4 2 5 5 1 1 1 4 4 2 5 2 1 4 4 3 5 5 2 5 1 2 2 3 3 3 1 2 3 2 2 3 1]]
RMS&Group: 1.43039051259[[4 4 4 2 5 5 1 1 1 4 4 2 5 2 1 4 4 3 5 5 2 5 1 2 2 3 3 3 1 2 3 2 2 3 1]]
RMS&Group: 1.43039051259[[4 4 4 2 5 5 1 1 1 4 4 2 5 2 1 4 4 3 5 5 2 5 1 2 2 3 3 3 1 2 3 2 2 3 1]]
RMS&Group: 1.43039051259[[4 4 4 2 5 5 1 1 1 4 4 2 5 2 1 4 4 3 5 5 2 5 1 2 2 3 3 3 1 2 3 2 2 3 1]]
RMS&Group: 1.43039051259[[4 4 4 2 5 5 1 1 1 4 4 2 5 2 1 4 4 3 5 5 2 5 1 2 2 3 3 3 1 2 3 2 2 3 1]]
RMS&Group: 1.43039051259[[4 4 4 2 5 5 1 1 1 4 4 2 5 2 1 4 4 3 5 5 2 5 1 2 2 3 3 3 1 2 3 2 2 3 1]]
RMS&Group: 1.43039051259[[4 4 4 2 5 5 1 1 1 4 4 2 5 2 1 4 4 3 5 5 2 5 1 2 2 3 3 3 1 2 3 2 2 3 1]]
RMS&Group: 1.43039051259[[4 4 4 2 5 5 1 1 1 4 4 2 5 2 1 4 4 3 5 5 2 5 1 2 2 3 3 3 1 2 3 2 2 3 1]]
RMS&Group: 1.43039051259[[4 4 4 2 5 5 1 1 1 4 4 2 5 2 1 4 4 3 5 5 2 5 1 2 2 3 3 3 1 2 3 2 2 3 1]]
RMS&Group: 1.43039051259[[4 4 4 2 5 5 1 1 1 4 4 2 5 2 1 4 4 3 5 5 2 5 1 2 2 3 3 3 1 2 3 2 2 3 1]]
RMS&Group: 1.43039051259[[4 4 4 2 5 5 1 1 1 4 4 2 5 2 1 4 4 3 5 5 2 5 1 2 2 3 3 3 1 2 3 2 2 3 1]]
RMS&Group: 1.43039051259[[4 4 4 2 5 5 1 1 1 4 4 2 5 2 1 4 4 3 5 5 2 5 1 2 2 3 3 3 1 2 3 2 2 3 1]]
RMS&Group: 1.43039051259[[4 4 4 2 5 5 1 1 1 4 4 2 5 2 1 4 4 3 5 5 2 5 1 2 2 3 3 3 1 2 3 2 2 3 1]]
RMS&Group: 1.43039051259[[4 4 4 2 5 5 1 1 1 4 4 2 5 2 1 4 4 3 5 5 2 5 1 2 2 3 3 3 1 2 3 2 2 3 1]]
RMS&Group: 1.43039051259[[4 4 4 2 5 5 1 1 1 4 4 2 5 2 1 4 4 3 5 5 2 5 1 2 2 3 3 3 1 2 3 2 2 3 1]]
RMS&Group: 1.43039051259[[4 4 4 2 5 5 1 1 1 4 4 2 5 2 1 4 4 3 5 5 2 5 1 2 2 3 3 3 1 2 3 2 2 3 1]]
RMS&Group: 1.43039051259[[4 4 4 2 5 5 1 1 1 4 4 2 5 2 1 4 4 3 5 5 2 5 1 2 2 3 3 3 1 2 3 2 2 3 1]]
RMS&Group: 1.43039051259[[4 4 4 2 5 5 1 1 1 4 4 2 5 2 1 4 4 3 5 5 2 5 1 2 2 3 3 3 1 2 3 2 2 3 1]]
RMS&Group: 1.43039051259[[4 4 4 2 5 5 1 1 1 4 4 2 5 2 1 4 4 3 5 5 2 5 1 2 2 3 3 3 1 2 3 2 2 3 1]]
RMS&Group: 1.43039051259[[4 4 4 2 5 5 1 1 1 4 4 2 5 2 1 4 4 3 5 5 2 5 1 2 2 3 3 3 1 2 3 2 2 3 1]]
RMS&Group: 1.43039051259[[4 4 4 2 5 5 1 1 1 4 4 2 5 2 1 4 4 3 5 5 2 5 1 2 2 3 3 3 1 2 3 2 2 3 1]]
RMS&Group: 1.43039051259[[4 4 4 2 5 5 1 1 1 4 4 2 5 2 1 4 4 3 5 5 2 5 1 2 2 3 3 3 1 2 3 2 2 3 1]]
RMS&Group: 1.43039051259[[4 4 4 2 5 5 1 1 1 4 4 2 5 2 1 4 4 3 5 5 2 5 1 2 2 3 3 3 1 2 3 2 2 3 1]]
RMS&Group: 1.43039051259[[4 4 4 2 5 5 1 1 1 4 4 2 5 2 1 4 4 3 5 5 2 5 1 2 2 3 3 3 1 2 3 2 2 3 1]]
RMS&Group: 1.43039051259[[4 4 4 2 5 5 1 1 1 4 4 2 5 2 1 4 4 3 5 5 2 5 1 2 2 3 3 3 1 2 3 2 2 3 1]]
RMS&Group: 1.43039051259[[4 4 4 2 5 5 1 1 1 4 4 2 5 2 1 4 4 3 5 5 2 5 1 2 2 3 3 3 1 2 3 2 2 3 1]]
RMS&Group: 1.43039051259[[4 4 4 2 5 5 1 1 1 4 4 2 5 2 1 4 4 3 5 5 2 5 1 2 2 3 3 3 1 2 3 2 2 3 1]]
RMS&Group: 1.43039051259[[4 4 4 2 5 5 1 1 1 4 4 2 5 2 1 4 4 3 5 5 2 5 1 2 2 3 3 3 1 2 3 2 2 3 1]]
RMS&Group: 1.43039051259[[4 4 4 2 5 5 1 1 1 4 4 2 5 2 1 4 4 3 5 5 2 5 1 2 2 3 3 3 1 2 3 2 2 3 1]]
RMS&Group: 1.43039051259[[4 4 4 2 5 5 1 1 1 4 4 2 5 2 1 4 4 3 5 5 2 5 1 2 2 3 3 3 1 2 3 2 2 3 1]]
RMS&Group: 1.43039051259[[4 4 4 2 5 5 1 1 1 4 4 2 5 2 1 4 4 3 5 5 2 5 1 2 2 3 3 3 1 2 3 2 2 3 1]]
RMS&Group: 1.43039051259[[4 4 4 2 5 5 1 1 1 4 4 2 5 2 1 4 4 3 5 5 2 5 1 2 2 3 3 3 1 2 3 2 2 3 1]]
RMS&Group: 1.43039051259[[4 4 4 2 5 5 1 1 1 4 4 2 5 2 1 4 4 3 5 5 2 5 1 2 2 3 3 3 1 2 3 2 2 3 1]]
RMS&Group: 1.43039051259[[4 4 4 2 5 5 1 1 1 4 4 2 5 2 1 4 4 3 5 5 2 5 1 2 2 3 3 3 1 2 3 2 2 3 1]]
RMS&Group: 1.43039051259[[4 4 4 2 5 5 1 1 1 4 4 2 5 2 1 4 4 3 5 5 2 5 1 2 2 3 3 3 1 2 3 2 2 3 1]]
RMS&Group: 1.43039051259[[4 4 4 2 5 5 1 1 1 4 4 2 5 2 1 4 4 3 5 5 2 5 1 2 2 3 3 3 1 2 3 2 2 3 1]]
RMS&Group: 1.43039051259[[4 4 4 2 5 5 1 1 1 4 4 2 5 2 1 4 4 3 5 5 2 5 1 2 2 3 3 3 1 2 3 2 2 3 1]]
RMS&Group: 1.43039051259[[4 4 4 2 5 5 1 1 1 4 4 2 5 2 1 4 4 3 5 5 2 5 1 2 2 3 3 3 1 2 3 2 2 3 1]]
RMS&Group: 1.43039051259[[4 4 4 2 5 5 1 1 1 4 4 2 5 2 1 4 4 3 5 5 2 5 1 2 2 3 3 3 1 2 3 2 2 3 1]]
RMS&Group: 1.43039051259[[4 4 4 2 5 5 1 1 1 4 4 2 5 2 1 4 4 3 5 5 2 5 1 2 2 3 3 3 1 2 3 2 2 3 1]]
RMS&Group: 1.43039051259[[4 4 4 2 5 5 1 1 1 4 4 2 5 2 1 4 4 3 5 5 2 5 1 2 2 3 3 3 1 2 3 2 2 3 1]]
RMS&Group: 1.43039051259[[4 4 4 2 5 5 1 1 1 4 4 2 5 2 1 4 4 3 5 5 2 5 1 2 2 3 3 3 1 2 3 2 2 3 1]]
RMS&Group: 1.43039051259[[4 4 4 2 5 5 1 1 1 4 4 2 5 2 1 4 4 3 5 5 2 5 1 2 2 3 3 3 1 2 3 2 2 3 1]]
RMS&Group: 1.43039051259[[4 4 4 2 5 5 1 1 1 4 4 2 5 2 1 4 4 3 5 5 2 5 1 2 2 3 3 3 1 2 3 2 2 3 1]]
RMS&Group: 1.43039051259[[4 4 4 2 5 5 1 1 1 4 4 2 5 2 1 4 4 3 5 5 2 5 1 2 2 3 3 3 1 2 3 2 2 3 1]]
RMS&Group: 1.43039051259[[4 4 4 2 5 5 1 1 1 4 4 2 5 2 1 4 4 3 5 5 2 5 1 2 2 3 3 3 1 2 3 2 2 3 1]]
RMS&Group: 1.43039051259[[4 4 4 2 5 5 1 1 1 4 4 2 5 2 1 4 4 3 5 5 2 5 1 2 2 3 3 3 1 2 3 2 2 3 1]]
RMS&Group: 1.43039051259[[4 4 4 2 5 5 1 1 1 4 4 2 5 2 1 4 4 3 5 5 2 5 1 2 2 3 3 3 1 2 3 2 2 3 1]]
RMS&Group: 1.43039051259[[4 4 4 2 5 5 1 1 1 4 4 2 5 2 1 4 4 3 5 5 2 5 1 2 2 3 3 3 1 2 3 2 2 3 1]]
RMS&Group: 1.43039051259[[4 4 4 2 5 5 1 1 1 4 4 2 5 2 1 4 4 3 5 5 2 5 1 2 2 3 3 3 1 2 3 2 2 3 1]]
RMS&Group: 1.43039051259[[4 4 4 2 5 5 1 1 1 4 4 2 5 2 1 4 4 3 5 5 2 5 1 2 2 3 3 3 1 2 3 2 2 3 1]]
RMS&Group: 1.43039051259[[4 4 4 2 5 5 1 1 1 4 4 2 5 2 1 4 4 3 5 5 2 5 1 2 2 3 3 3 1 2 3 2 2 3 1]]
RMS&Group: 1.43039051259[[4 4 4 2 5 5 1 1 1 4 4 2 5 2 1 4 4 3 5 5 2 5 1 2 2 3 3 3 1 2 3 2 2 3 1]]
RMS&Group: 1.43039051259[[4 4 4 2 5 5 1 1 1 4 4 2 5 2 1 4 4 3 5 5 2 5 1 2 2 3 3 3 1 2 3 2 2 3 1]]
RMS&Group: 1.43039051259[[4 4 4 2 5 5 1 1 1 4 4 2 5 2 1 4 4 3 5 5 2 5 1 2 2 3 3 3 1 2 3 2 2 3 1]]
RMS&Group: 1.43039051259[[4 4 4 2 5 5 1 1 1 4 4 2 5 2 1 4 4 3 5 5 2 5 1 2 2 3 3 3 1 2 3 2 2 3 1]]
RMS&Group: 1.43039051259[[4 4 4 2 5 5 1 1 1 4 4 2 5 2 1 4 4 3 5 5 2 5 1 2 2 3 3 3 1 2 3 2 2 3 1]]
RMS&Group: 1.43039051259[[4 4 4 2 5 5 1 1 1 4 4 2 5 2 1 4 4 3 5 5 2 5 1 2 2 3 3 3 1 2 3 2 2 3 1]]
RMS&Group: 1.43039051259[[4 4 4 2 5 5 1 1 1 4 4 2 5 2 1 4 4 3 5 5 2 5 1 2 2 3 3 3 1 2 3 2 2 3 1]]
RMS&Group: 1.43039051259[[4 4 4 2 5 5 1 1 1 4 4 2 5 2 1 4 4 3 5 5 2 5 1 2 2 3 3 3 1 2 3 2 2 3 1]]
RMS&Group: 1.43039051259[[4 4 4 2 5 5 1 1 1 4 4 2 5 2 1 4 4 3 5 5 2 5 1 2 2 3 3 3 1 2 3 2 2 3 1]]
RMS&Group: 1.43039051259[[4 4 4 2 5 5 1 1 1 4 4 2 5 2 1 4 4 3 5 5 2 5 1 2 2 3 3 3 1 2 3 2 2 3 1]]
RMS&Group: 1.43039051259[[4 4 4 2 5 5 1 1 1 4 4 2 5 2 1 4 4 3 5 5 2 5 1 2 2 3 3 3 1 2 3 2 2 3 1]]
RMS&Group: 1.43039051259[[4 4 4 2 5 5 1 1 1 4 4 2 5 2 1 4 4 3 5 5 2 5 1 2 2 3 3 3 1 2 3 2 2 3 1]]
RMS&Group: 1.43039051259[[4 4 4 2 5 5 1 1 1 4 4 2 5 2 1 4 4 3 5 5 2 5 1 2 2 3 3 3 1 2 3 2 2 3 1]]
RMS&Group: 1.43039051259[[4 4 4 2 5 5 1 1 1 4 4 2 5 2 1 4 4 3 5 5 2 5 1 2 2 3 3 3 1 2 3 2 2 3 1]]
RMS&Group: 1.43039051259[[4 4 4 2 5 5 1 1 1 4 4 2 5 2 1 4 4 3 5 5 2 5 1 2 2 3 3 3 1 2 3 2 2 3 1]]
RMS&Group: 1.43039051259[[4 4 4 2 5 5 1 1 1 4 4 2 5 2 1 4 4 3 5 5 2 5 1 2 2 3 3 3 1 2 3 2 2 3 1]]
RMS&Group: 1.43039051259[[4 4 4 2 5 5 1 1 1 4 4 2 5 2 1 4 4 3 5 5 2 5 1 2 2 3 3 3 1 2 3 2 2 3 1]]
RMS&Group: 1.43039051259[[4 4 4 2 5 5 1 1 1 4 4 2 5 2 1 4 4 3 5 5 2 5 1 2 2 3 3 3 1 2 3 2 2 3 1]]
RMS&Group: 1.43039051259[[4 4 4 2 5 5 1 1 1 4 4 2 5 2 1 4 4 3 5 5 2 5 1 2 2 3 3 3 1 2 3 2 2 3 1]]
RMS&Group: 1.43039051259[[4 4 4 2 5 5 1 1 1 4 4 2 5 2 1 4 4 3 5 5 2 5 1 2 2 3 3 3 1 2 3 2 2 3 1]]
RMS&Group: 1.43039051259[[4 4 4 2 5 5 1 1 1 4 4 2 5 2 1 4 4 3 5 5 2 5 1 2 2 3 3 3 1 2 3 2 2 3 1]]
RMS&Group: 1.43039051259[[4 4 4 2 5 5 1 1 1 4 4 2 5 2 1 4 4 3 5 5 2 5 1 2 2 3 3 3 1 2 3 2 2 3 1]]
RMS&Group: 1.43039051259[[4 4 4 2 5 5 1 1 1 4 4 2 5 2 1 4 4 3 5 5 2 5 1 2 2 3 3 3 1 2 3 2 2 3 1]]
RMS&Group: 1.43039051259[[4 4 4 2 5 5 1 1 1 4 4 2 5 2 1 4 4 3 5 5 2 5 1 2 2 3 3 3 1 2 3 2 2 3 1]]
RMS&Group: 1.43039051259[[4 4 4 2 5 5 1 1 1 4 4 2 5 2 1 4 4 3 5 5 2 5 1 2 2 3 3 3 1 2 3 2 2 3 1]]
RMS&Group: 1.43039051259[[4 4 4 2 5 5 1 1 1 4 4 2 5 2 1 4 4 3 5 5 2 5 1 2 2 3 3 3 1 2 3 2 2 3 1]]
RMS&Group: 1.43039051259[[4 4 4 2 5 5 1 1 1 4 4 2 5 2 1 4 4 3 5 5 2 5 1 2 2 3 3 3 1 2 3 2 2 3 1]]
RMS&Group: 1.43039051259[[4 4 4 2 5 5 1 1 1 4 4 2 5 2 1 4 4 3 5 5 2 5 1 2 2 3 3 3 1 2 3 2 2 3 1]]
RMS&Group: 1.43039051259[[4 4 4 2 5 5 1 1 1 4 4 2 5 2 1 4 4 3 5 5 2 5 1 2 2 3 3 3 1 2 3 2 2 3 1]]
RMS&Group: 1.43039051259[[4 4 4 2 5 5 1 1 1 4 4 2 5 2 1 4 4 3 5 5 2 5 1 2 2 3 3 3 1 2 3 2 2 3 1]]
RMS&Group: 1.43039051259[[4 4 4 2 5 5 1 1 1 4 4 2 5 2 1 4 4 3 5 5 2 5 1 2 2 3 3 3 1 2 3 2 2 3 1]]
RMS&Group: 1.43039051259[[4 4 4 2 5 5 1 1 1 4 4 2 5 2 1 4 4 3 5 5 2 5 1 2 2 3 3 3 1 2 3 2 2 3 1]]
RMS&Group: 1.43039051259[[4 4 4 2 5 5 1 1 1 4 4 2 5 2 1 4 4 3 5 5 2 5 1 2 2 3 3 3 1 2 3 2 2 3 1]]
RMS&Group: 1.43039051259[[4 4 4 2 5 5 1 1 1 4 4 2 5 2 1 4 4 3 5 5 2 5 1 2 2 3 3 3 1 2 3 2 2 3 1]]
RMS&Group: 1.43039051259[[4 4 4 2 5 5 1 1 1 4 4 2 5 2 1 4 4 3 5 5 2 5 1 2 2 3 3 3 1 2 3 2 2 3 1]]
RMS&Group: 1.43039051259[[4 4 4 2 5 5 1 1 1 4 4 2 5 2 1 4 4 3 5 5 2 5 1 2 2 3 3 3 1 2 3 2 2 3 1]]
RMS&Group: 1.43039051259[[4 4 4 2 5 5 1 1 1 4 4 2 5 2 1 4 4 3 5 5 2 5 1 2 2 3 3 3 1 2 3 2 2 3 1]]
RMS&Group: 1.43039051259[[4 4 4 2 5 5 1 1 1 4 4 2 5 2 1 4 4 3 5 5 2 5 1 2 2 3 3 3 1 2 3 2 2 3 1]]
RMS&Group: 1.43039051259[[4 4 4 2 5 5 1 1 1 4 4 2 5 2 1 4 4 3 5 5 2 5 1 2 2 3 3 3 1 2 3 2 2 3 1]]
RMS&Group: 1.43039051259[[4 4 4 2 5 5 1 1 1 4 4 2 5 2 1 4 4 3 5 5 2 5 1 2 2 3 3 3 1 2 3 2 2 3 1]]
RMS&Group: 1.43039051259[[4 4 4 2 5 5 1 1 1 4 4 2 5 2 1 4 4 3 5 5 2 5 1 2 2 3 3 3 1 2 3 2 2 3 1]]
RMS&Group: 1.43039051259[[4 4 4 2 5 5 1 1 1 4 4 2 5 2 1 4 4 3 5 5 2 5 1 2 2 3 3 3 1 2 3 2 2 3 1]]
RMS&Group: 1.43039051259[[4 4 4 2 5 5 1 1 1 4 4 2 5 2 1 4 4 3 5 5 2 5 1 2 2 3 3 3 1 2 3 2 2 3 1]]
RMS&Group: 1.43039051259[[4 4 4 2 5 5 1 1 1 4 4 2 5 2 1 4 4 3 5 5 2 5 1 2 2 3 3 3 1 2 3 2 2 3 1]]
RMS&Group: 1.43039051259[[4 4 4 2 5 5 1 1 1 4 4 2 5 2 1 4 4 3 5 5 2 5 1 2 2 3 3 3 1 2 3 2 2 3 1]]
RMS&Group: 1.43039051259[[4 4 4 2 5 5 1 1 1 4 4 2 5 2 1 4 4 3 5 5 2 5 1 2 2 3 3 3 1 2 3 2 2 3 1]]
RMS&Group: 1.43039051259[[4 4 4 2 5 5 1 1 1 4 4 2 5 2 1 4 4 3 5 5 2 5 1 2 2 3 3 3 1 2 3 2 2 3 1]]
RMS&Group: 1.43039051259[[4 4 4 2 5 5 1 1 1 4 4 2 5 2 1 4 4 3 5 5 2 5 1 2 2 3 3 3 1 2 3 2 2 3 1]]
RMS&Group: 1.43039051259[[4 4 4 2 5 5 1 1 1 4 4 2 5 2 1 4 4 3 5 5 2 5 1 2 2 3 3 3 1 2 3 2 2 3 1]]
RMS&Group: 1.43039051259[[4 4 4 2 5 5 1 1 1 4 4 2 5 2 1 4 4 3 5 5 2 5 1 2 2 3 3 3 1 2 3 2 2 3 1]]
RMS&Group: 1.43039051259[[4 4 4 2 5 5 1 1 1 4 4 2 5 2 1 4 4 3 5 5 2 5 1 2 2 3 3 3 1 2 3 2 2 3 1]]
RMS&Group: 1.43039051259[[4 4 4 2 5 5 1 1 1 4 4 2 5 2 1 4 4 3 5 5 2 5 1 2 2 3 3 3 1 2 3 2 2 3 1]]
RMS&Group: 1.43039051259[[4 4 4 2 5 5 1 1 1 4 4 2 5 2 1 4 4 3 5 5 2 5 1 2 2 3 3 3 1 2 3 2 2 3 1]]
RMS&Group: 1.43039051259[[4 4 4 2 5 5 1 1 1 4 4 2 5 2 1 4 4 3 5 5 2 5 1 2 2 3 3 3 1 2 3 2 2 3 1]]
RMS&Group: 1.43039051259[[4 4 4 2 5 5 1 1 1 4 4 2 5 2 1 4 4 3 5 5 2 5 1 2 2 3 3 3 1 2 3 2 2 3 1]]
RMS&Group: 1.43039051259[[4 4 4 2 5 5 1 1 1 4 4 2 5 2 1 4 4 3 5 5 2 5 1 2 2 3 3 3 1 2 3 2 2 3 1]]
RMS&Group: 1.43039051259[[4 4 4 2 5 5 1 1 1 4 4 2 5 2 1 4 4 3 5 5 2 5 1 2 2 3 3 3 1 2 3 2 2 3 1]]
RMS&Group: 1.43039051259[[4 4 4 2 5 5 1 1 1 4 4 2 5 2 1 4 4 3 5 5 2 5 1 2 2 3 3 3 1 2 3 2 2 3 1]]
RMS&Group: 1.43039051259[[4 4 4 2 5 5 1 1 1 4 4 2 5 2 1 4 4 3 5 5 2 5 1 2 2 3 3 3 1 2 3 2 2 3 1]]
RMS&Group: 1.43039051259[[4 4 4 2 5 5 1 1 1 4 4 2 5 2 1 4 4 3 5 5 2 5 1 2 2 3 3 3 1 2 3 2 2 3 1]]
RMS&Group: 1.43039051259[[4 4 4 2 5 5 1 1 1 4 4 2 5 2 1 4 4 3 5 5 2 5 1 2 2 3 3 3 1 2 3 2 2 3 1]]
RMS&Group: 1.43039051259[[4 4 4 2 5 5 1 1 1 4 4 2 5 2 1 4 4 3 5 5 2 5 1 2 2 3 3 3 1 2 3 2 2 3 1]]
RMS&Group: 1.43039051259[[4 4 4 2 5 5 1 1 1 4 4 2 5 2 1 4 4 3 5 5 2 5 1 2 2 3 3 3 1 2 3 2 2 3 1]]
RMS&Group: 1.43039051259[[4 4 4 2 5 5 1 1 1 4 4 2 5 2 1 4 4 3 5 5 2 5 1 2 2 3 3 3 1 2 3 2 2 3 1]]
RMS&Group: 1.43039051259[[4 4 4 2 5 5 1 1 1 4 4 2 5 2 1 4 4 3 5 5 2 5 1 2 2 3 3 3 1 2 3 2 2 3 1]]
RMS&Group: 1.43039051259[[4 4 4 2 5 5 1 1 1 4 4 2 5 2 1 4 4 3 5 5 2 5 1 2 2 3 3 3 1 2 3 2 2 3 1]]
RMS&Group: 1.43039051259[[4 4 4 2 5 5 1 1 1 4 4 2 5 2 1 4 4 3 5 5 2 5 1 2 2 3 3 3 1 2 3 2 2 3 1]]
RMS&Group: 1.43039051259[[4 4 4 2 5 5 1 1 1 4 4 2 5 2 1 4 4 3 5 5 2 5 1 2 2 3 3 3 1 2 3 2 2 3 1]]
RMS&Group: 1.43039051259[[4 4 4 2 5 5 1 1 1 4 4 2 5 2 1 4 4 3 5 5 2 5 1 2 2 3 3 3 1 2 3 2 2 3 1]]
RMS&Group: 1.43039051259[[4 4 4 2 5 5 1 1 1 4 4 2 5 2 1 4 4 3 5 5 2 5 1 2 2 3 3 3 1 2 3 2 2 3 1]]
RMS&Group: 1.43039051259[[4 4 4 2 5 5 1 1 1 4 4 2 5 2 1 4 4 3 5 5 2 5 1 2 2 3 3 3 1 2 3 2 2 3 1]]
RMS&Group: 1.43039051259[[4 4 4 2 5 5 1 1 1 4 4 2 5 2 1 4 4 3 5 5 2 5 1 2 2 3 3 3 1 2 3 2 2 3 1]]
RMS&Group: 1.43039051259[[4 4 4 2 5 5 1 1 1 4 4 2 5 2 1 4 4 3 5 5 2 5 1 2 2 3 3 3 1 2 3 2 2 3 1]]
RMS&Group: 1.43039051259[[4 4 4 2 5 5 1 1 1 4 4 2 5 2 1 4 4 3 5 5 2 5 1 2 2 3 3 3 1 2 3 2 2 3 1]]
RMS&Group: 1.43039051259[[4 4 4 2 5 5 1 1 1 4 4 2 5 2 1 4 4 3 5 5 2 5 1 2 2 3 3 3 1 2 3 2 2 3 1]]
RMS&Group: 1.43039051259[[4 4 4 2 5 5 1 1 1 4 4 2 5 2 1 4 4 3 5 5 2 5 1 2 2 3 3 3 1 2 3 2 2 3 1]]
RMS&Group: 1.43039051259[[4 4 4 2 5 5 1 1 1 4 4 2 5 2 1 4 4 3 5 5 2 5 1 2 2 3 3 3 1 2 3 2 2 3 1]]
RMS&Group: 1.43039051259[[4 4 4 2 5 5 1 1 1 4 4 2 5 2 1 4 4 3 5 5 2 5 1 2 2 3 3 3 1 2 3 2 2 3 1]]
RMS&Group: 1.43039051259[[4 4 4 2 5 5 1 1 1 4 4 2 5 2 1 4 4 3 5 5 2 5 1 2 2 3 3 3 1 2 3 2 2 3 1]]
RMS&Group: 1.43039051259[[4 4 4 2 5 5 1 1 1 4 4 2 5 2 1 4 4 3 5 5 2 5 1 2 2 3 3 3 1 2 3 2 2 3 1]]
RMS&Group: 1.43039051259[[4 4 4 2 5 5 1 1 1 4 4 2 5 2 1 4 4 3 5 5 2 5 1 2 2 3 3 3 1 2 3 2 2 3 1]]
RMS&Group: 1.43039051259[[4 4 4 2 5 5 1 1 1 4 4 2 5 2 1 4 4 3 5 5 2 5 1 2 2 3 3 3 1 2 3 2 2 3 1]]
RMS&Group: 1.43039051259[[4 4 4 2 5 5 1 1 1 4 4 2 5 2 1 4 4 3 5 5 2 5 1 2 2 3 3 3 1 2 3 2 2 3 1]]
RMS&Group: 1.43039051259[[4 4 4 2 5 5 1 1 1 4 4 2 5 2 1 4 4 3 5 5 2 5 1 2 2 3 3 3 1 2 3 2 2 3 1]]
RMS&Group: 1.43039051259[[4 4 4 2 5 5 1 1 1 4 4 2 5 2 1 4 4 3 5 5 2 5 1 2 2 3 3 3 1 2 3 2 2 3 1]]
RMS&Group: 1.43039051259[[4 4 4 2 5 5 1 1 1 4 4 2 5 2 1 4 4 3 5 5 2 5 1 2 2 3 3 3 1 2 3 2 2 3 1]]
RMS&Group: 1.43039051259[[4 4 4 2 5 5 1 1 1 4 4 2 5 2 1 4 4 3 5 5 2 5 1 2 2 3 3 3 1 2 3 2 2 3 1]]
RMS&Group: 1.43039051259[[4 4 4 2 5 5 1 1 1 4 4 2 5 2 1 4 4 3 5 5 2 5 1 2 2 3 3 3 1 2 3 2 2 3 1]]
RMS&Group: 1.43039051259[[4 4 4 2 5 5 1 1 1 4 4 2 5 2 1 4 4 3 5 5 2 5 1 2 2 3 3 3 1 2 3 2 2 3 1]]
RMS&Group: 1.43039051259[[4 4 4 2 5 5 1 1 1 4 4 2 5 2 1 4 4 3 5 5 2 5 1 2 2 3 3 3 1 2 3 2 2 3 1]]
RMS&Group: 1.43039051259[[4 4 4 2 5 5 1 1 1 4 4 2 5 2 1 4 4 3 5 5 2 5 1 2 2 3 3 3 1 2 3 2 2 3 1]]
RMS&Group: 1.43039051259[[4 4 4 2 5 5 1 1 1 4 4 2 5 2 1 4 4 3 5 5 2 5 1 2 2 3 3 3 1 2 3 2 2 3 1]]
RMS&Group: 1.43039051259[[4 4 4 2 5 5 1 1 1 4 4 2 5 2 1 4 4 3 5 5 2 5 1 2 2 3 3 3 1 2 3 2 2 3 1]]
RMS&Group: 1.43039051259[[4 4 4 2 5 5 1 1 1 4 4 2 5 2 1 4 4 3 5 5 2 5 1 2 2 3 3 3 1 2 3 2 2 3 1]]
RMS&Group: 1.43039051259[[4 4 4 2 5 5 1 1 1 4 4 2 5 2 1 4 4 3 5 5 2 5 1 2 2 3 3 3 1 2 3 2 2 3 1]]
RMS&Group: 1.43039051259[[4 4 4 2 5 5 1 1 1 4 4 2 5 2 1 4 4 3 5 5 2 5 1 2 2 3 3 3 1 2 3 2 2 3 1]]
RMS&Group: 1.43039051259[[4 4 4 2 5 5 1 1 1 4 4 2 5 2 1 4 4 3 5 5 2 5 1 2 2 3 3 3 1 2 3 2 2 3 1]]
RMS&Group: 1.43039051259[[4 4 4 2 5 5 1 1 1 4 4 2 5 2 1 4 4 3 5 5 2 5 1 2 2 3 3 3 1 2 3 2 2 3 1]]
RMS&Group: 1.43039051259[[4 4 4 2 5 5 1 1 1 4 4 2 5 2 1 4 4 3 5 5 2 5 1 2 2 3 3 3 1 2 3 2 2 3 1]]
RMS&Group: 1.43039051259[[4 4 4 2 5 5 1 1 1 4 4 2 5 2 1 4 4 3 5 5 2 5 1 2 2 3 3 3 1 2 3 2 2 3 1]]
RMS&Group: 1.43039051259[[4 4 4 2 5 5 1 1 1 4 4 2 5 2 1 4 4 3 5 5 2 5 1 2 2 3 3 3 1 2 3 2 2 3 1]]
RMS&Group: 1.43039051259[[4 4 4 2 5 5 1 1 1 4 4 2 5 2 1 4 4 3 5 5 2 5 1 2 2 3 3 3 1 2 3 2 2 3 1]]
RMS&Group: 1.43039051259[[4 4 4 2 5 5 1 1 1 4 4 2 5 2 1 4 4 3 5 5 2 5 1 2 2 3 3 3 1 2 3 2 2 3 1]]
RMS&Group: 1.43039051259[[4 4 4 2 5 5 1 1 1 4 4 2 5 2 1 4 4 3 5 5 2 5 1 2 2 3 3 3 1 2 3 2 2 3 1]]
RMS&Group: 1.43039051259[[4 4 4 2 5 5 1 1 1 4 4 2 5 2 1 4 4 3 5 5 2 5 1 2 2 3 3 3 1 2 3 2 2 3 1]]
RMS&Group: 1.43039051259[[4 4 4 2 5 5 1 1 1 4 4 2 5 2 1 4 4 3 5 5 2 5 1 2 2 3 3 3 1 2 3 2 2 3 1]]
RMS&Group: 1.43039051259[[4 4 4 2 5 5 1 1 1 4 4 2 5 2 1 4 4 3 5 5 2 5 1 2 2 3 3 3 1 2 3 2 2 3 1]]
RMS&Group: 1.43039051259[[4 4 4 2 5 5 1 1 1 4 4 2 5 2 1 4 4 3 5 5 2 5 1 2 2 3 3 3 1 2 3 2 2 3 1]]
RMS&Group: 1.43039051259[[4 4 4 2 5 5 1 1 1 4 4 2 5 2 1 4 4 3 5 5 2 5 1 2 2 3 3 3 1 2 3 2 2 3 1]]
RMS&Group: 1.43039051259[[4 4 4 2 5 5 1 1 1 4 4 2 5 2 1 4 4 3 5 5 2 5 1 2 2 3 3 3 1 2 3 2 2 3 1]]
RMS&Group: 1.43039051259[[4 4 4 2 5 5 1 1 1 4 4 2 5 2 1 4 4 3 5 5 2 5 1 2 2 3 3 3 1 2 3 2 2 3 1]]
RMS&Group: 1.43039051259[[4 4 4 2 5 5 1 1 1 4 4 2 5 2 1 4 4 3 5 5 2 5 1 2 2 3 3 3 1 2 3 2 2 3 1]]
RMS&Group: 1.43039051259[[4 4 4 2 5 5 1 1 1 4 4 2 5 2 1 4 4 3 5 5 2 5 1 2 2 3 3 3 1 2 3 2 2 3 1]]
RMS&Group: 1.43039051259[[4 4 4 2 5 5 1 1 1 4 4 2 5 2 1 4 4 3 5 5 2 5 1 2 2 3 3 3 1 2 3 2 2 3 1]]
RMS&Group: 1.43039051259[[4 4 4 2 5 5 1 1 1 4 4 2 5 2 1 4 4 3 5 5 2 5 1 2 2 3 3 3 1 2 3 2 2 3 1]]
RMS&Group: 1.43039051259[[4 4 4 2 5 5 1 1 1 4 4 2 5 2 1 4 4 3 5 5 2 5 1 2 2 3 3 3 1 2 3 2 2 3 1]]
RMS&Group: 1.43039051259[[4 4 4 2 5 5 1 1 1 4 4 2 5 2 1 4 4 3 5 5 2 5 1 2 2 3 3 3 1 2 3 2 2 3 1]]
RMS&Group: 1.43039051259[[4 4 4 2 5 5 1 1 1 4 4 2 5 2 1 4 4 3 5 5 2 5 1 2 2 3 3 3 1 2 3 2 2 3 1]]
RMS&Group: 1.43039051259[[4 4 4 2 5 5 1 1 1 4 4 2 5 2 1 4 4 3 5 5 2 5 1 2 2 3 3 3 1 2 3 2 2 3 1]]
RMS&Group: 1.43039051259[[4 4 4 2 5 5 1 1 1 4 4 2 5 2 1 4 4 3 5 5 2 5 1 2 2 3 3 3 1 2 3 2 2 3 1]]
RMS&Group: 1.43039051259[[4 4 4 2 5 5 1 1 1 4 4 2 5 2 1 4 4 3 5 5 2 5 1 2 2 3 3 3 1 2 3 2 2 3 1]]
RMS&Group: 1.43039051259[[4 4 4 2 5 5 1 1 1 4 4 2 5 2 1 4 4 3 5 5 2 5 1 2 2 3 3 3 1 2 3 2 2 3 1]]
RMS&Group: 1.43039051259[[4 4 4 2 5 5 1 1 1 4 4 2 5 2 1 4 4 3 5 5 2 5 1 2 2 3 3 3 1 2 3 2 2 3 1]]
RMS&Group: 1.43039051259[[4 4 4 2 5 5 1 1 1 4 4 2 5 2 1 4 4 3 5 5 2 5 1 2 2 3 3 3 1 2 3 2 2 3 1]]
RMS&Group: 1.43039051259[[4 4 4 2 5 5 1 1 1 4 4 2 5 2 1 4 4 3 5 5 2 5 1 2 2 3 3 3 1 2 3 2 2 3 1]]
RMS&Group: 1.43039051259[[4 4 4 2 5 5 1 1 1 4 4 2 5 2 1 4 4 3 5 5 2 5 1 2 2 3 3 3 1 2 3 2 2 3 1]]
RMS&Group: 1.43039051259[[4 4 4 2 5 5 1 1 1 4 4 2 5 2 1 4 4 3 5 5 2 5 1 2 2 3 3 3 1 2 3 2 2 3 1]]
RMS&Group: 1.43039051259[[4 4 4 2 5 5 1 1 1 4 4 2 5 2 1 4 4 3 5 5 2 5 1 2 2 3 3 3 1 2 3 2 2 3 1]]
RMS&Group: 1.43039051259[[4 4 4 2 5 5 1 1 1 4 4 2 5 2 1 4 4 3 5 5 2 5 1 2 2 3 3 3 1 2 3 2 2 3 1]]
RMS&Group: 1.43039051259[[4 4 4 2 5 5 1 1 1 4 4 2 5 2 1 4 4 3 5 5 2 5 1 2 2 3 3 3 1 2 3 2 2 3 1]]
RMS&Group: 1.43039051259[[4 4 4 2 5 5 1 1 1 4 4 2 5 2 1 4 4 3 5 5 2 5 1 2 2 3 3 3 1 2 3 2 2 3 1]]
RMS&Group: 1.43039051259[[4 4 4 2 5 5 1 1 1 4 4 2 5 2 1 4 4 3 5 5 2 5 1 2 2 3 3 3 1 2 3 2 2 3 1]]
RMS&Group: 1.43039051259[[4 4 4 2 5 5 1 1 1 4 4 2 5 2 1 4 4 3 5 5 2 5 1 2 2 3 3 3 1 2 3 2 2 3 1]]
RMS&Group: 1.43039051259[[4 4 4 2 5 5 1 1 1 4 4 2 5 2 1 4 4 3 5 5 2 5 1 2 2 3 3 3 1 2 3 2 2 3 1]]
RMS&Group: 1.43039051259[[4 4 4 2 5 5 1 1 1 4 4 2 5 2 1 4 4 3 5 5 2 5 1 2 2 3 3 3 1 2 3 2 2 3 1]]
RMS&Group: 1.43039051259[[4 4 4 2 5 5 1 1 1 4 4 2 5 2 1 4 4 3 5 5 2 5 1 2 2 3 3 3 1 2 3 2 2 3 1]]
RMS&Group: 1.43039051259[[4 4 4 2 5 5 1 1 1 4 4 2 5 2 1 4 4 3 5 5 2 5 1 2 2 3 3 3 1 2 3 2 2 3 1]]
RMS&Group: 1.43039051259[[4 4 4 2 5 5 1 1 1 4 4 2 5 2 1 4 4 3 5 5 2 5 1 2 2 3 3 3 1 2 3 2 2 3 1]]
RMS&Group: 1.43039051259[[4 4 4 2 5 5 1 1 1 4 4 2 5 2 1 4 4 3 5 5 2 5 1 2 2 3 3 3 1 2 3 2 2 3 1]]
RMS&Group: 1.43039051259[[4 4 4 2 5 5 1 1 1 4 4 2 5 2 1 4 4 3 5 5 2 5 1 2 2 3 3 3 1 2 3 2 2 3 1]]
RMS&Group: 1.43039051259[[4 4 4 2 5 5 1 1 1 4 4 2 5 2 1 4 4 3 5 5 2 5 1 2 2 3 3 3 1 2 3 2 2 3 1]]
RMS&Group: 1.43039051259[[4 4 4 2 5 5 1 1 1 4 4 2 5 2 1 4 4 3 5 5 2 5 1 2 2 3 3 3 1 2 3 2 2 3 1]]
RMS&Group: 1.43039051259[[4 4 4 2 5 5 1 1 1 4 4 2 5 2 1 4 4 3 5 5 2 5 1 2 2 3 3 3 1 2 3 2 2 3 1]]
RMS&Group: 1.43039051259[[4 4 4 2 5 5 1 1 1 4 4 2 5 2 1 4 4 3 5 5 2 5 1 2 2 3 3 3 1 2 3 2 2 3 1]]
RMS&Group: 1.43039051259[[4 4 4 2 5 5 1 1 1 4 4 2 5 2 1 4 4 3 5 5 2 5 1 2 2 3 3 3 1 2 3 2 2 3 1]]
RMS&Group: 1.43039051259[[4 4 4 2 5 5 1 1 1 4 4 2 5 2 1 4 4 3 5 5 2 5 1 2 2 3 3 3 1 2 3 2 2 3 1]]
RMS&Group: 1.43039051259[[4 4 4 2 5 5 1 1 1 4 4 2 5 2 1 4 4 3 5 5 2 5 1 2 2 3 3 3 1 2 3 2 2 3 1]]
RMS&Group: 1.43039051259[[4 4 4 2 5 5 1 1 1 4 4 2 5 2 1 4 4 3 5 5 2 5 1 2 2 3 3 3 1 2 3 2 2 3 1]]
RMS&Group: 1.43039051259[[4 4 4 2 5 5 1 1 1 4 4 2 5 2 1 4 4 3 5 5 2 5 1 2 2 3 3 3 1 2 3 2 2 3 1]]
RMS&Group: 1.43039051259[[4 4 4 2 5 5 1 1 1 4 4 2 5 2 1 4 4 3 5 5 2 5 1 2 2 3 3 3 1 2 3 2 2 3 1]]
RMS&Group: 1.43039051259[[4 4 4 2 5 5 1 1 1 4 4 2 5 2 1 4 4 3 5 5 2 5 1 2 2 3 3 3 1 2 3 2 2 3 1]]
RMS&Group: 1.43039051259[[4 4 4 2 5 5 1 1 1 4 4 2 5 2 1 4 4 3 5 5 2 5 1 2 2 3 3 3 1 2 3 2 2 3 1]]
RMS&Group: 1.43039051259[[4 4 4 2 5 5 1 1 1 4 4 2 5 2 1 4 4 3 5 5 2 5 1 2 2 3 3 3 1 2 3 2 2 3 1]]
RMS&Group: 1.43039051259[[4 4 4 2 5 5 1 1 1 4 4 2 5 2 1 4 4 3 5 5 2 5 1 2 2 3 3 3 1 2 3 2 2 3 1]]
RMS&Group: 1.43039051259[[4 4 4 2 5 5 1 1 1 4 4 2 5 2 1 4 4 3 5 5 2 5 1 2 2 3 3 3 1 2 3 2 2 3 1]]
RMS&Group: 1.43039051259[[4 4 4 2 5 5 1 1 1 4 4 2 5 2 1 4 4 3 5 5 2 5 1 2 2 3 3 3 1 2 3 2 2 3 1]]
RMS&Group: 1.43039051259[[4 4 4 2 5 5 1 1 1 4 4 2 5 2 1 4 4 3 5 5 2 5 1 2 2 3 3 3 1 2 3 2 2 3 1]]
RMS&Group: 1.43039051259[[4 4 4 2 5 5 1 1 1 4 4 2 5 2 1 4 4 3 5 5 2 5 1 2 2 3 3 3 1 2 3 2 2 3 1]]
RMS&Group: 1.43039051259[[4 4 4 2 5 5 1 1 1 4 4 2 5 2 1 4 4 3 5 5 2 5 1 2 2 3 3 3 1 2 3 2 2 3 1]]
RMS&Group: 1.43039051259[[4 4 4 2 5 5 1 1 1 4 4 2 5 2 1 4 4 3 5 5 2 5 1 2 2 3 3 3 1 2 3 2 2 3 1]]
RMS&Group: 1.43039051259[[4 4 4 2 5 5 1 1 1 4 4 2 5 2 1 4 4 3 5 5 2 5 1 2 2 3 3 3 1 2 3 2 2 3 1]]
RMS&Group: 1.43039051259[[4 4 4 2 5 5 1 1 1 4 4 2 5 2 1 4 4 3 5 5 2 5 1 2 2 3 3 3 1 2 3 2 2 3 1]]
RMS&Group: 1.43039051259[[4 4 4 2 5 5 1 1 1 4 4 2 5 2 1 4 4 3 5 5 2 5 1 2 2 3 3 3 1 2 3 2 2 3 1]]
RMS&Group: 1.43039051259[[4 4 4 2 5 5 1 1 1 4 4 2 5 2 1 4 4 3 5 5 2 5 1 2 2 3 3 3 1 2 3 2 2 3 1]]
RMS&Group: 1.43039051259[[4 4 4 2 5 5 1 1 1 4 4 2 5 2 1 4 4 3 5 5 2 5 1 2 2 3 3 3 1 2 3 2 2 3 1]]
RMS&Group: 1.43039051259[[4 4 4 2 5 5 1 1 1 4 4 2 5 2 1 4 4 3 5 5 2 5 1 2 2 3 3 3 1 2 3 2 2 3 1]]
RMS&Group: 1.43039051259[[4 4 4 2 5 5 1 1 1 4 4 2 5 2 1 4 4 3 5 5 2 5 1 2 2 3 3 3 1 2 3 2 2 3 1]]
RMS&Group: 1.43039051259[[4 4 4 2 5 5 1 1 1 4 4 2 5 2 1 4 4 3 5 5 2 5 1 2 2 3 3 3 1 2 3 2 2 3 1]]
RMS&Group: 1.43039051259[[4 4 4 2 5 5 1 1 1 4 4 2 5 2 1 4 4 3 5 5 2 5 1 2 2 3 3 3 1 2 3 2 2 3 1]]
RMS&Group: 1.43039051259[[4 4 4 2 5 5 1 1 1 4 4 2 5 2 1 4 4 3 5 5 2 5 1 2 2 3 3 3 1 2 3 2 2 3 1]]
RMS&Group: 1.43039051259[[4 4 4 2 5 5 1 1 1 4 4 2 5 2 1 4 4 3 5 5 2 5 1 2 2 3 3 3 1 2 3 2 2 3 1]]
RMS&Group: 1.43039051259[[4 4 4 2 5 5 1 1 1 4 4 2 5 2 1 4 4 3 5 5 2 5 1 2 2 3 3 3 1 2 3 2 2 3 1]]
RMS&Group: 1.43039051259[[4 4 4 2 5 5 1 1 1 4 4 2 5 2 1 4 4 3 5 5 2 5 1 2 2 3 3 3 1 2 3 2 2 3 1]]
RMS&Group: 1.43039051259[[4 4 4 2 5 5 1 1 1 4 4 2 5 2 1 4 4 3 5 5 2 5 1 2 2 3 3 3 1 2 3 2 2 3 1]]
RMS&Group: 1.43039051259[[4 4 4 2 5 5 1 1 1 4 4 2 5 2 1 4 4 3 5 5 2 5 1 2 2 3 3 3 1 2 3 2 2 3 1]]
RMS&Group: 1.43039051259[[4 4 4 2 5 5 1 1 1 4 4 2 5 2 1 4 4 3 5 5 2 5 1 2 2 3 3 3 1 2 3 2 2 3 1]]
RMS&Group: 1.43039051259[[4 4 4 2 5 5 1 1 1 4 4 2 5 2 1 4 4 3 5 5 2 5 1 2 2 3 3 3 1 2 3 2 2 3 1]]
RMS&Group: 1.43039051259[[4 4 4 2 5 5 1 1 1 4 4 2 5 2 1 4 4 3 5 5 2 5 1 2 2 3 3 3 1 2 3 2 2 3 1]]
RMS&Group: 1.43039051259[[4 4 4 2 5 5 1 1 1 4 4 2 5 2 1 4 4 3 5 5 2 5 1 2 2 3 3 3 1 2 3 2 2 3 1]]
RMS&Group: 1.43039051259[[4 4 4 2 5 5 1 1 1 4 4 2 5 2 1 4 4 3 5 5 2 5 1 2 2 3 3 3 1 2 3 2 2 3 1]]
RMS&Group: 1.43039051259[[4 4 4 2 5 5 1 1 1 4 4 2 5 2 1 4 4 3 5 5 2 5 1 2 2 3 3 3 1 2 3 2 2 3 1]]
RMS&Group: 1.43039051259[[4 4 4 2 5 5 1 1 1 4 4 2 5 2 1 4 4 3 5 5 2 5 1 2 2 3 3 3 1 2 3 2 2 3 1]]
RMS&Group: 1.43039051259[[4 4 4 2 5 5 1 1 1 4 4 2 5 2 1 4 4 3 5 5 2 5 1 2 2 3 3 3 1 2 3 2 2 3 1]]
RMS&Group: 1.43039051259[[4 4 4 2 5 5 1 1 1 4 4 2 5 2 1 4 4 3 5 5 2 5 1 2 2 3 3 3 1 2 3 2 2 3 1]]
RMS&Group: 1.43039051259[[4 4 4 2 5 5 1 1 1 4 4 2 5 2 1 4 4 3 5 5 2 5 1 2 2 3 3 3 1 2 3 2 2 3 1]]
RMS&Group: 1.43039051259[[4 4 4 2 5 5 1 1 1 4 4 2 5 2 1 4 4 3 5 5 2 5 1 2 2 3 3 3 1 2 3 2 2 3 1]]
RMS&Group: 1.43039051259[[4 4 4 2 5 5 1 1 1 4 4 2 5 2 1 4 4 3 5 5 2 5 1 2 2 3 3 3 1 2 3 2 2 3 1]]
RMS&Group: 1.43039051259[[4 4 4 2 5 5 1 1 1 4 4 2 5 2 1 4 4 3 5 5 2 5 1 2 2 3 3 3 1 2 3 2 2 3 1]]
RMS&Group: 1.43039051259[[4 4 4 2 5 5 1 1 1 4 4 2 5 2 1 4 4 3 5 5 2 5 1 2 2 3 3 3 1 2 3 2 2 3 1]]
RMS&Group: 1.43039051259[[4 4 4 2 5 5 1 1 1 4 4 2 5 2 1 4 4 3 5 5 2 5 1 2 2 3 3 3 1 2 3 2 2 3 1]]
RMS&Group: 1.43039051259[[4 4 4 2 5 5 1 1 1 4 4 2 5 2 1 4 4 3 5 5 2 5 1 2 2 3 3 3 1 2 3 2 2 3 1]]
RMS&Group: 1.43039051259[[4 4 4 2 5 5 1 1 1 4 4 2 5 2 1 4 4 3 5 5 2 5 1 2 2 3 3 3 1 2 3 2 2 3 1]]
RMS&Group: 1.43039051259[[4 4 4 2 5 5 1 1 1 4 4 2 5 2 1 4 4 3 5 5 2 5 1 2 2 3 3 3 1 2 3 2 2 3 1]]
RMS&Group: 1.43039051259[[4 4 4 2 5 5 1 1 1 4 4 2 5 2 1 4 4 3 5 5 2 5 1 2 2 3 3 3 1 2 3 2 2 3 1]]
RMS&Group: 1.43039051259[[4 4 4 2 5 5 1 1 1 4 4 2 5 2 1 4 4 3 5 5 2 5 1 2 2 3 3 3 1 2 3 2 2 3 1]]
RMS&Group: 1.43039051259[[4 4 4 2 5 5 1 1 1 4 4 2 5 2 1 4 4 3 5 5 2 5 1 2 2 3 3 3 1 2 3 2 2 3 1]]
RMS&Group: 1.43039051259[[4 4 4 2 5 5 1 1 1 4 4 2 5 2 1 4 4 3 5 5 2 5 1 2 2 3 3 3 1 2 3 2 2 3 1]]
RMS&Group: 1.43039051259[[4 4 4 2 5 5 1 1 1 4 4 2 5 2 1 4 4 3 5 5 2 5 1 2 2 3 3 3 1 2 3 2 2 3 1]]
RMS&Group: 1.43039051259[[4 4 4 2 5 5 1 1 1 4 4 2 5 2 1 4 4 3 5 5 2 5 1 2 2 3 3 3 1 2 3 2 2 3 1]]
RMS&Group: 1.43039051259[[4 4 4 2 5 5 1 1 1 4 4 2 5 2 1 4 4 3 5 5 2 5 1 2 2 3 3 3 1 2 3 2 2 3 1]]
RMS&Group: 1.43039051259[[4 4 4 2 5 5 1 1 1 4 4 2 5 2 1 4 4 3 5 5 2 5 1 2 2 3 3 3 1 2 3 2 2 3 1]]
RMS&Group: 1.43039051259[[4 4 4 2 5 5 1 1 1 4 4 2 5 2 1 4 4 3 5 5 2 5 1 2 2 3 3 3 1 2 3 2 2 3 1]]
RMS&Group: 1.43039051259[[4 4 4 2 5 5 1 1 1 4 4 2 5 2 1 4 4 3 5 5 2 5 1 2 2 3 3 3 1 2 3 2 2 3 1]]
RMS&Group: 1.43039051259[[4 4 4 2 5 5 1 1 1 4 4 2 5 2 1 4 4 3 5 5 2 5 1 2 2 3 3 3 1 2 3 2 2 3 1]]
RMS&Group: 1.43039051259[[4 4 4 2 5 5 1 1 1 4 4 2 5 2 1 4 4 3 5 5 2 5 1 2 2 3 3 3 1 2 3 2 2 3 1]]
RMS&Group: 1.43039051259[[4 4 4 2 5 5 1 1 1 4 4 2 5 2 1 4 4 3 5 5 2 5 1 2 2 3 3 3 1 2 3 2 2 3 1]]
RMS&Group: 1.43039051259[[4 4 4 2 5 5 1 1 1 4 4 2 5 2 1 4 4 3 5 5 2 5 1 2 2 3 3 3 1 2 3 2 2 3 1]]
RMS&Group: 1.43039051259[[4 4 4 2 5 5 1 1 1 4 4 2 5 2 1 4 4 3 5 5 2 5 1 2 2 3 3 3 1 2 3 2 2 3 1]]
RMS&Group: 1.43039051259[[4 4 4 2 5 5 1 1 1 4 4 2 5 2 1 4 4 3 5 5 2 5 1 2 2 3 3 3 1 2 3 2 2 3 1]]
RMS&Group: 1.43039051259[[4 4 4 2 5 5 1 1 1 4 4 2 5 2 1 4 4 3 5 5 2 5 1 2 2 3 3 3 1 2 3 2 2 3 1]]
RMS&Group: 1.43039051259[[4 4 4 2 5 5 1 1 1 4 4 2 5 2 1 4 4 3 5 5 2 5 1 2 2 3 3 3 1 2 3 2 2 3 1]]
RMS&Group: 1.43039051259[[4 4 4 2 5 5 1 1 1 4 4 2 5 2 1 4 4 3 5 5 2 5 1 2 2 3 3 3 1 2 3 2 2 3 1]]
RMS&Group: 1.43039051259[[4 4 4 2 5 5 1 1 1 4 4 2 5 2 1 4 4 3 5 5 2 5 1 2 2 3 3 3 1 2 3 2 2 3 1]]
RMS&Group: 1.43039051259[[4 4 4 2 5 5 1 1 1 4 4 2 5 2 1 4 4 3 5 5 2 5 1 2 2 3 3 3 1 2 3 2 2 3 1]]
RMS&Group: 1.43039051259[[4 4 4 2 5 5 1 1 1 4 4 2 5 2 1 4 4 3 5 5 2 5 1 2 2 3 3 3 1 2 3 2 2 3 1]]
RMS&Group: 1.43039051259[[4 4 4 2 5 5 1 1 1 4 4 2 5 2 1 4 4 3 5 5 2 5 1 2 2 3 3 3 1 2 3 2 2 3 1]]
RMS&Group: 1.43039051259[[4 4 4 2 5 5 1 1 1 4 4 2 5 2 1 4 4 3 5 5 2 5 1 2 2 3 3 3 1 2 3 2 2 3 1]]
RMS&Group: 1.43039051259[[4 4 4 2 5 5 1 1 1 4 4 2 5 2 1 4 4 3 5 5 2 5 1 2 2 3 3 3 1 2 3 2 2 3 1]]
RMS&Group: 1.43039051259[[4 4 4 2 5 5 1 1 1 4 4 2 5 2 1 4 4 3 5 5 2 5 1 2 2 3 3 3 1 2 3 2 2 3 1]]
RMS&Group: 1.43039051259[[4 4 4 2 5 5 1 1 1 4 4 2 5 2 1 4 4 3 5 5 2 5 1 2 2 3 3 3 1 2 3 2 2 3 1]]
RMS&Group: 1.43039051259[[4 4 4 2 5 5 1 1 1 4 4 2 5 2 1 4 4 3 5 5 2 5 1 2 2 3 3 3 1 2 3 2 2 3 1]]
RMS&Group: 1.43039051259[[4 4 4 2 5 5 1 1 1 4 4 2 5 2 1 4 4 3 5 5 2 5 1 2 2 3 3 3 1 2 3 2 2 3 1]]
RMS&Group: 1.43039051259[[4 4 4 2 5 5 1 1 1 4 4 2 5 2 1 4 4 3 5 5 2 5 1 2 2 3 3 3 1 2 3 2 2 3 1]]
RMS&Group: 1.43039051259[[4 4 4 2 5 5 1 1 1 4 4 2 5 2 1 4 4 3 5 5 2 5 1 2 2 3 3 3 1 2 3 2 2 3 1]]
RMS&Group: 1.43039051259[[4 4 4 2 5 5 1 1 1 4 4 2 5 2 1 4 4 3 5 5 2 5 1 2 2 3 3 3 1 2 3 2 2 3 1]]
RMS&Group: 1.43039051259[[4 4 4 2 5 5 1 1 1 4 4 2 5 2 1 4 4 3 5 5 2 5 1 2 2 3 3 3 1 2 3 2 2 3 1]]
RMS&Group: 1.43039051259[[4 4 4 2 5 5 1 1 1 4 4 2 5 2 1 4 4 3 5 5 2 5 1 2 2 3 3 3 1 2 3 2 2 3 1]]
RMS&Group: 1.43039051259[[4 4 4 2 5 5 1 1 1 4 4 2 5 2 1 4 4 3 5 5 2 5 1 2 2 3 3 3 1 2 3 2 2 3 1]]
RMS&Group: 1.43039051259[[4 4 4 2 5 5 1 1 1 4 4 2 5 2 1 4 4 3 5 5 2 5 1 2 2 3 3 3 1 2 3 2 2 3 1]]
RMS&Group: 1.43039051259[[4 4 4 2 5 5 1 1 1 4 4 2 5 2 1 4 4 3 5 5 2 5 1 2 2 3 3 3 1 2 3 2 2 3 1]]
RMS&Group: 1.43039051259[[4 4 4 2 5 5 1 1 1 4 4 2 5 2 1 4 4 3 5 5 2 5 1 2 2 3 3 3 1 2 3 2 2 3 1]]
RMS&Group: 1.43039051259[[4 4 4 2 5 5 1 1 1 4 4 2 5 2 1 4 4 3 5 5 2 5 1 2 2 3 3 3 1 2 3 2 2 3 1]]
RMS&Group: 1.43039051259[[4 4 4 2 5 5 1 1 1 4 4 2 5 2 1 4 4 3 5 5 2 5 1 2 2 3 3 3 1 2 3 2 2 3 1]]
RMS&Group: 1.43039051259[[4 4 4 2 5 5 1 1 1 4 4 2 5 2 1 4 4 3 5 5 2 5 1 2 2 3 3 3 1 2 3 2 2 3 1]]
RMS&Group: 1.43039051259[[4 4 4 2 5 5 1 1 1 4 4 2 5 2 1 4 4 3 5 5 2 5 1 2 2 3 3 3 1 2 3 2 2 3 1]]
RMS&Group: 1.43039051259[[4 4 4 2 5 5 1 1 1 4 4 2 5 2 1 4 4 3 5 5 2 5 1 2 2 3 3 3 1 2 3 2 2 3 1]]
RMS&Group: 1.43039051259[[4 4 4 2 5 5 1 1 1 4 4 2 5 2 1 4 4 3 5 5 2 5 1 2 2 3 3 3 1 2 3 2 2 3 1]]
RMS&Group: 1.43039051259[[4 4 4 2 5 5 1 1 1 4 4 2 5 2 1 4 4 3 5 5 2 5 1 2 2 3 3 3 1 2 3 2 2 3 1]]
RMS&Group: 1.43039051259[[4 4 4 2 5 5 1 1 1 4 4 2 5 2 1 4 4 3 5 5 2 5 1 2 2 3 3 3 1 2 3 2 2 3 1]]
RMS&Group: 1.43039051259[[4 4 4 2 5 5 1 1 1 4 4 2 5 2 1 4 4 3 5 5 2 5 1 2 2 3 3 3 1 2 3 2 2 3 1]]
RMS&Group: 1.43039051259[[4 4 4 2 5 5 1 1 1 4 4 2 5 2 1 4 4 3 5 5 2 5 1 2 2 3 3 3 1 2 3 2 2 3 1]]
RMS&Group: 1.43039051259[[4 4 4 2 5 5 1 1 1 4 4 2 5 2 1 4 4 3 5 5 2 5 1 2 2 3 3 3 1 2 3 2 2 3 1]]
RMS&Group: 1.43039051259[[4 4 4 2 5 5 1 1 1 4 4 2 5 2 1 4 4 3 5 5 2 5 1 2 2 3 3 3 1 2 3 2 2 3 1]]
RMS&Group: 1.43039051259[[4 4 4 2 5 5 1 1 1 4 4 2 5 2 1 4 4 3 5 5 2 5 1 2 2 3 3 3 1 2 3 2 2 3 1]]
RMS&Group: 1.43039051259[[4 4 4 2 5 5 1 1 1 4 4 2 5 2 1 4 4 3 5 5 2 5 1 2 2 3 3 3 1 2 3 2 2 3 1]]
RMS&Group: 1.43039051259[[4 4 4 2 5 5 1 1 1 4 4 2 5 2 1 4 4 3 5 5 2 5 1 2 2 3 3 3 1 2 3 2 2 3 1]]
RMS&Group: 1.43039051259[[4 4 4 2 5 5 1 1 1 4 4 2 5 2 1 4 4 3 5 5 2 5 1 2 2 3 3 3 1 2 3 2 2 3 1]]
RMS&Group: 1.43039051259[[4 4 4 2 5 5 1 1 1 4 4 2 5 2 1 4 4 3 5 5 2 5 1 2 2 3 3 3 1 2 3 2 2 3 1]]
RMS&Group: 1.43039051259[[4 4 4 2 5 5 1 1 1 4 4 2 5 2 1 4 4 3 5 5 2 5 1 2 2 3 3 3 1 2 3 2 2 3 1]]
RMS&Group: 1.43039051259[[4 4 4 2 5 5 1 1 1 4 4 2 5 2 1 4 4 3 5 5 2 5 1 2 2 3 3 3 1 2 3 2 2 3 1]]
RMS&Group: 1.43039051259[[4 4 4 2 5 5 1 1 1 4 4 2 5 2 1 4 4 3 5 5 2 5 1 2 2 3 3 3 1 2 3 2 2 3 1]]
RMS&Group: 1.43039051259[[4 4 4 2 5 5 1 1 1 4 4 2 5 2 1 4 4 3 5 5 2 5 1 2 2 3 3 3 1 2 3 2 2 3 1]]
RMS&Group: 1.43039051259[[4 4 4 2 5 5 1 1 1 4 4 2 5 2 1 4 4 3 5 5 2 5 1 2 2 3 3 3 1 2 3 2 2 3 1]]
RMS&Group: 1.43039051259[[4 4 4 2 5 5 1 1 1 4 4 2 5 2 1 4 4 3 5 5 2 5 1 2 2 3 3 3 1 2 3 2 2 3 1]]
RMS&Group: 1.43039051259[[4 4 4 2 5 5 1 1 1 4 4 2 5 2 1 4 4 3 5 5 2 5 1 2 2 3 3 3 1 2 3 2 2 3 1]]
RMS&Group: 1.43039051259[[4 4 4 2 5 5 1 1 1 4 4 2 5 2 1 4 4 3 5 5 2 5 1 2 2 3 3 3 1 2 3 2 2 3 1]]
RMS&Group: 1.43039051259[[4 4 4 2 5 5 1 1 1 4 4 2 5 2 1 4 4 3 5 5 2 5 1 2 2 3 3 3 1 2 3 2 2 3 1]]
RMS&Group: 1.43039051259[[4 4 4 2 5 5 1 1 1 4 4 2 5 2 1 4 4 3 5 5 2 5 1 2 2 3 3 3 1 2 3 2 2 3 1]]
RMS&Group: 1.43039051259[[4 4 4 2 5 5 1 1 1 4 4 2 5 2 1 4 4 3 5 5 2 5 1 2 2 3 3 3 1 2 3 2 2 3 1]]
RMS&Group: 1.43039051259[[4 4 4 2 5 5 1 1 1 4 4 2 5 2 1 4 4 3 5 5 2 5 1 2 2 3 3 3 1 2 3 2 2 3 1]]
RMS&Group: 1.43039051259[[4 4 4 2 5 5 1 1 1 4 4 2 5 2 1 4 4 3 5 5 2 5 1 2 2 3 3 3 1 2 3 2 2 3 1]]
RMS&Group: 1.43039051259[[4 4 4 2 5 5 1 1 1 4 4 2 5 2 1 4 4 3 5 5 2 5 1 2 2 3 3 3 1 2 3 2 2 3 1]]
RMS&Group: 1.43039051259[[4 4 4 2 5 5 1 1 1 4 4 2 5 2 1 4 4 3 5 5 2 5 1 2 2 3 3 3 1 2 3 2 2 3 1]]
RMS&Group: 1.43039051259[[4 4 4 2 5 5 1 1 1 4 4 2 5 2 1 4 4 3 5 5 2 5 1 2 2 3 3 3 1 2 3 2 2 3 1]]
RMS&Group: 1.43039051259[[4 4 4 2 5 5 1 1 1 4 4 2 5 2 1 4 4 3 5 5 2 5 1 2 2 3 3 3 1 2 3 2 2 3 1]]
RMS&Group: 1.43039051259[[4 4 4 2 5 5 1 1 1 4 4 2 5 2 1 4 4 3 5 5 2 5 1 2 2 3 3 3 1 2 3 2 2 3 1]]
RMS&Group: 1.43039051259[[4 4 4 2 5 5 1 1 1 4 4 2 5 2 1 4 4 3 5 5 2 5 1 2 2 3 3 3 1 2 3 2 2 3 1]]
RMS&Group: 1.43039051259[[4 4 4 2 5 5 1 1 1 4 4 2 5 2 1 4 4 3 5 5 2 5 1 2 2 3 3 3 1 2 3 2 2 3 1]]
RMS&Group: 1.43039051259[[4 4 4 2 5 5 1 1 1 4 4 2 5 2 1 4 4 3 5 5 2 5 1 2 2 3 3 3 1 2 3 2 2 3 1]]
RMS&Group: 1.43039051259[[4 4 4 2 5 5 1 1 1 4 4 2 5 2 1 4 4 3 5 5 2 5 1 2 2 3 3 3 1 2 3 2 2 3 1]]
RMS&Group: 1.43039051259[[4 4 4 2 5 5 1 1 1 4 4 2 5 2 1 4 4 3 5 5 2 5 1 2 2 3 3 3 1 2 3 2 2 3 1]]
RMS&Group: 1.43039051259[[4 4 4 2 5 5 1 1 1 4 4 2 5 2 1 4 4 3 5 5 2 5 1 2 2 3 3 3 1 2 3 2 2 3 1]]
RMS&Group: 1.43039051259[[4 4 4 2 5 5 1 1 1 4 4 2 5 2 1 4 4 3 5 5 2 5 1 2 2 3 3 3 1 2 3 2 2 3 1]]
RMS&Group: 1.43039051259[[4 4 4 2 5 5 1 1 1 4 4 2 5 2 1 4 4 3 5 5 2 5 1 2 2 3 3 3 1 2 3 2 2 3 1]]
RMS&Group: 1.43039051259[[4 4 4 2 5 5 1 1 1 4 4 2 5 2 1 4 4 3 5 5 2 5 1 2 2 3 3 3 1 2 3 2 2 3 1]]
RMS&Group: 1.43039051259[[4 4 4 2 5 5 1 1 1 4 4 2 5 2 1 4 4 3 5 5 2 5 1 2 2 3 3 3 1 2 3 2 2 3 1]]
RMS&Group: 1.43039051259[[4 4 4 2 5 5 1 1 1 4 4 2 5 2 1 4 4 3 5 5 2 5 1 2 2 3 3 3 1 2 3 2 2 3 1]]
RMS&Group: 1.43039051259[[4 4 4 2 5 5 1 1 1 4 4 2 5 2 1 4 4 3 5 5 2 5 1 2 2 3 3 3 1 2 3 2 2 3 1]]
RMS&Group: 1.43039051259[[4 4 4 2 5 5 1 1 1 4 4 2 5 2 1 4 4 3 5 5 2 5 1 2 2 3 3 3 1 2 3 2 2 3 1]]
Best Min RMS before changing MINRMS: 1.42591450492
RMS&Group: 1.43039051259[[4 4 4 2 5 5 1 1 1 4 4 2 5 2 1 4 4 3 5 5 2 5 1 2 2 3 3 3 1 2 3 2 2 3 1]]
RMS&Group: 1.43039051259[[4 4 4 2 5 5 1 1 1 4 4 2 5 2 1 4 4 3 5 5 2 5 1 2 2 3 3 3 1 2 3 2 2 3 1]]
RMS&Group: 1.43039051259[[4 4 4 2 5 5 1 1 1 4 4 2 5 2 1 4 4 3 5 5 2 5 1 2 2 3 3 3 1 2 3 2 2 3 1]]
RMS&Group: 1.43039051259[[4 4 4 2 5 5 1 1 1 4 4 2 5 2 1 4 4 3 5 5 2 5 1 2 2 3 3 3 1 2 3 2 2 3 1]]
RMS&Group: 1.43039051259[[4 4 4 2 5 5 1 1 1 4 4 2 5 2 1 4 4 3 5 5 2 5 1 2 2 3 3 3 1 2 3 2 2 3 1]]
RMS&Group: 1.43039051259[[4 4 4 2 5 5 1 1 1 4 4 2 5 2 1 4 4 3 5 5 2 5 1 2 2 3 3 3 1 2 3 2 2 3 1]]
RMS&Group: 1.43039051259[[4 4 4 2 5 5 1 1 1 4 4 2 5 2 1 4 4 3 5 5 2 5 1 2 2 3 3 3 1 2 3 2 2 3 1]]
RMS&Group: 1.43039051259[[4 4 4 2 5 5 1 1 1 4 4 2 5 2 1 4 4 3 5 5 2 5 1 2 2 3 3 3 1 2 3 2 2 3 1]]
RMS&Group: 1.43039051259[[4 4 4 2 5 5 1 1 1 4 4 2 5 2 1 4 4 3 5 5 2 5 1 2 2 3 3 3 1 2 3 2 2 3 1]]
