RMS&Group: 2.26738575646[[3 3 3 7 3 3 6 5 2 3 3 7 3 1 5 3 3 4 3 3 8 3 5 8 4 7 7 7 4 6 7 2 2 7 5]]
New Min RMS: 2.26738575646
RMS&Group: 2.12419679603[[3 3 3 2 3 3 5 5 6 3 3 1 3 6 5 3 3 4 3 3 8 3 5 1 1 4 7 7 5 6 7 2 2 7 5]]
New Min RMS: 2.12419679603
RMS&Group: 1.88637455199[[8 3 3 6 3 3 5 5 6 8 3 2 3 6 5 3 3 4 3 3 2 3 5 2 1 1 4 7 5 6 7 2 2 4 5]]
New Min RMS: 1.88637455199
RMS&Group: 1.62491199574[[8 8 8 6 3 3 5 5 6 8 8 2 3 6 5 3 8 4 3 3 2 3 5 6 2 1 4 1 5 2 1 2 2 7 5]]
New Min RMS: 1.62491199574
RMS&Group: 1.67809168807[[4 8 7 6 3 3 5 5 6 7 8 6 3 6 5 4 8 1 3 3 2 3 5 6 2 2 1 1 5 2 1 2 2 1 5]]
RMS&Group: 1.57326530048[[4 4 8 6 7 3 5 5 6 7 4 6 7 6 5 4 8 1 3 3 2 7 5 6 2 2 1 1 5 2 1 2 5 1 5]]
New Min RMS: 1.57326530048
RMS&Group: 1.51206298924[[4 4 7 6 8 3 3 5 6 4 4 6 8 6 3 4 4 1 7 3 2 8 5 6 6 2 1 1 7 6 1 2 5 1 5]]
New Min RMS: 1.51206298924
RMS&Group: 1.44889429258[[4 4 4 6 8 7 3 5 5 4 4 6 8 5 3 4 4 2 8 8 2 8 3 6 6 2 1 1 3 6 1 5 5 1 5]]
New Min RMS: 1.44889429258
RMS&Group: 1.43156077983[[4 4 4 5 8 8 7 3 5 4 4 6 8 5 3 4 4 2 8 8 7 8 3 6 6 2 2 1 3 6 1 5 7 1 7]]
New Min RMS: 1.43156077983
RMS&Group: 1.46583929565[[4 4 4 5 8 8 7 3 3 4 4 6 8 5 3 4 4 2 8 8 7 8 3 5 6 6 2 1 3 6 1 7 7 1 3]]
RMS&Group: 1.463656366[[4 4 4 5 8 8 7 7 3 4 4 5 8 7 3 4 4 2 8 8 7 8 3 5 6 6 2 1 3 5 1 7 7 1 3]]
RMS&Group: 1.49113874048[[4 4 4 3 8 8 7 7 3 4 4 5 8 7 3 4 4 2 8 8 7 8 3 5 5 6 2 6 3 5 6 7 7 1 3]]
RMS&Group: 1.52721677424[[1 4 4 3 8 8 2 7 3 4 4 5 8 7 2 1 4 6 8 8 7 8 3 5 5 5 6 6 3 5 6 7 7 6 3]]
RMS&Group: 1.4476983859[[4 4 1 3 8 8 2 2 7 4 1 5 8 7 2 1 4 6 8 8 7 8 2 7 5 5 6 6 3 5 6 7 2 6 2]]
RMS&Group: 1.38703554847[[4 4 1 7 1 8 2 2 7 4 4 3 8 7 2 1 1 6 8 8 7 8 2 3 5 5 6 6 3 7 6 3 3 6 2]]
New Min RMS: 1.38703554847
RMS&Group: 1.27857482927[[4 4 1 7 1 8 2 2 7 4 4 3 1 7 2 4 1 6 8 8 7 8 2 3 3 5 6 5 2 7 5 3 3 6 2]]
New Min RMS: 1.27857482927
RMS&Group: 1.3843900344[[4 4 1 7 1 8 2 2 7 4 4 3 1 7 2 4 1 5 1 8 7 1 2 7 3 5 6 5 2 7 5 3 3 5 2]]
RMS&Group: 1.6024332392[[6 4 6 7 1 8 8 2 7 4 4 7 1 7 8 4 4 5 1 1 7 1 2 7 3 3 5 5 8 3 5 3 3 5 2]]
RMS&Group: 1.33273248829[[4 4 6 7 6 1 8 2 2 4 4 7 6 2 8 4 4 5 1 1 7 1 8 7 3 3 5 5 8 7 5 2 2 5 2]]
RMS&Group: 1.42466769542[[4 4 4 2 6 1 8 8 2 4 4 7 6 2 8 4 4 5 6 1 7 6 8 7 7 3 5 3 8 7 3 2 2 5 8]]
RMS&Group: 1.44710792692[[4 4 4 2 6 6 1 8 2 4 4 7 6 2 1 4 4 3 6 6 7 6 8 7 7 7 5 3 1 7 3 2 2 3 8]]
RMS&Group: 1.52307203335[[5 4 4 2 6 6 1 1 8 4 4 7 6 2 1 5 4 3 6 6 7 6 1 2 7 7 3 3 1 7 3 8 8 3 8]]
RMS&Group: 1.38157339121[[4 4 5 2 6 6 1 1 8 4 5 2 6 8 1 5 4 3 6 6 7 6 1 2 7 7 3 3 1 2 3 8 8 3 1]]
RMS&Group: 1.38264669131[[4 4 5 8 5 6 1 1 8 4 4 2 6 8 1 5 5 3 6 6 8 6 1 2 2 7 3 3 1 2 3 8 8 3 1]]
RMS&Group: 1.34810997063[[4 4 5 8 5 6 1 1 8 4 4 2 5 8 1 4 5 7 6 6 2 6 1 8 2 2 3 3 1 2 3 8 8 3 1]]
RMS&Group: 1.41242021151[[4 4 5 8 5 6 1 1 8 4 4 8 5 8 1 4 5 7 5 6 2 5 1 8 2 2 3 3 1 8 3 8 8 3 1]]
RMS&Group: 1.64442540103[[7 4 7 8 5 6 6 1 1 4 4 8 5 8 6 4 4 2 5 5 8 5 1 8 8 2 3 3 6 8 3 8 8 3 1]]
RMS&Group: 1.35021462315[[4 4 7 8 7 5 6 1 1 4 4 8 7 1 6 4 4 2 5 5 8 5 6 8 8 2 2 3 6 8 3 1 1 2 1]]
RMS&Group: 1.5428569315[[3 4 4 1 7 5 6 6 1 4 4 8 7 1 6 3 4 2 7 5 8 7 6 8 8 8 2 2 6 8 2 1 1 2 6]]
RMS&Group: 1.39871841025[[4 4 3 1 7 7 5 6 1 4 3 8 7 1 5 3 4 2 7 7 8 7 6 1 8 8 2 2 5 8 2 1 1 2 6]]
RMS&Group: 1.34724449268[[4 4 3 1 3 7 5 5 6 4 4 1 7 6 5 3 3 2 7 7 8 7 5 1 8 8 2 2 5 1 2 6 6 2 6]]
RMS&Group: 1.2527916408[[4 4 3 6 3 7 5 5 6 4 4 1 3 6 5 4 3 2 7 7 8 7 5 1 1 8 2 2 5 1 2 6 6 2 5]]
New Min RMS: 1.2527916408
RMS&Group: 1.33671071568[[4 4 3 6 3 7 5 5 6 4 4 1 3 6 5 4 3 8 3 7 1 3 5 1 1 8 2 2 5 1 2 6 6 2 5]]
RMS&Group: 1.37260080827[[4 4 3 6 3 7 7 5 6 4 4 1 3 6 7 4 4 8 3 3 1 3 5 1 1 1 8 2 7 1 2 6 6 8 5]]
RMS&Group: 1.41785982431[[4 4 4 6 3 3 7 5 5 4 4 1 3 6 7 4 4 8 3 3 1 3 7 6 1 1 8 2 7 1 2 5 5 2 5]]
RMS&Group: 1.40786369182[[4 4 4 6 3 3 7 7 5 4 4 6 3 5 7 4 4 8 3 3 1 3 7 6 1 1 8 2 7 6 2 5 5 2 7]]
RMS&Group: 1.43627244836[[4 4 4 5 3 3 7 7 5 4 4 6 3 5 7 4 4 8 3 3 5 3 7 6 6 1 8 2 7 6 2 5 5 2 7]]
RMS&Group: 1.55164622442[[8 4 4 5 3 3 7 7 5 4 4 6 3 5 7 8 4 1 3 3 6 3 7 5 6 6 1 1 7 6 1 5 5 2 7]]
RMS&Group: 1.6333196553[[2 4 8 5 3 3 7 7 5 4 8 5 3 5 7 2 4 1 3 3 6 3 7 5 6 6 1 1 7 5 1 5 5 1 7]]
RMS&Group: 1.60506449178[[2 2 2 5 8 3 7 7 7 4 2 5 8 5 7 2 4 1 3 3 5 3 7 5 5 6 1 1 7 5 1 5 5 1 7]]
RMS&Group: 1.50324282466[[2 2 4 5 8 8 3 7 7 2 2 5 4 5 7 2 2 6 8 8 5 4 7 5 5 6 1 1 7 5 1 5 5 1 7]]
RMS&Group: 1.46197378668[[2 2 2 5 4 8 7 7 3 2 2 5 4 3 7 2 2 6 4 8 5 4 7 5 5 6 6 1 7 3 1 5 5 6 7]]
RMS&Group: 1.5208640234[[1 2 2 3 4 4 8 7 3 2 2 5 4 3 8 1 2 6 4 4 5 4 7 5 5 6 6 6 8 3 6 5 5 6 7]]
RMS&Group: 1.40627539965[[2 2 1 3 4 4 8 8 7 2 1 5 4 7 8 1 2 6 4 4 5 4 8 3 5 5 6 6 8 5 6 7 7 6 7]]
RMS&Group: 1.3843233291[[2 2 1 7 1 4 8 8 7 2 2 3 4 7 8 1 1 6 4 4 5 4 8 7 3 5 6 6 8 5 6 7 7 6 8]]
RMS&Group: 1.36808452407[[2 2 1 7 1 4 8 8 7 2 2 7 1 7 8 2 1 6 4 4 5 4 8 7 3 5 6 6 8 7 6 7 7 6 8]]
RMS&Group: 1.45907186748[[2 2 1 7 1 4 8 8 8 2 2 7 1 7 8 2 1 5 1 4 7 1 8 7 7 3 6 6 8 7 6 7 7 3 8]]
RMS&Group: 1.63795430175[[5 2 5 7 1 4 4 8 8 2 2 7 1 7 4 2 2 3 1 1 7 1 8 7 7 3 3 6 4 7 6 7 7 3 8]]
RMS&Group: 1.60438084836[[6 2 6 7 5 1 4 8 8 2 2 7 5 8 4 2 2 3 1 1 7 1 4 7 7 3 3 3 4 7 3 8 8 3 8]]
RMS&Group: 1.60709815824[[1 2 1 8 6 5 4 4 8 2 2 7 6 8 4 2 2 3 5 5 7 6 4 7 7 7 3 3 4 7 3 8 8 3 4]]
RMS&Group: 1.35825456547[[2 2 1 8 1 6 5 4 8 2 2 7 1 8 5 2 2 3 6 6 7 6 4 8 7 7 3 3 4 7 3 8 8 3 4]]
RMS&Group: 1.44964317683[[2 2 2 8 1 6 5 5 4 2 2 8 1 8 5 2 2 3 1 6 7 1 5 8 7 7 3 3 4 8 3 8 5 3 4]]
RMS&Group: 1.40657486829[[2 2 2 4 1 1 6 5 4 2 2 8 1 4 6 2 2 3 1 1 8 1 5 8 8 7 3 3 6 8 3 5 5 3 5]]
RMS&Group: 1.45715520796[[2 2 2 4 1 1 6 6 5 2 2 8 1 5 6 2 2 7 1 1 8 1 6 4 8 8 3 3 6 4 3 5 5 3 5]]
RMS&Group: 1.43365519061[[2 2 2 5 1 1 6 6 5 2 2 4 1 5 6 2 2 7 1 1 8 1 6 4 4 8 3 3 6 4 3 5 5 3 6]]
RMS&Group: 1.52311219399[[7 2 2 5 1 1 6 6 5 2 2 4 1 5 6 7 2 8 1 1 4 1 6 4 4 8 8 3 6 4 3 5 5 3 6]]
RMS&Group: 1.41582384115[[2 2 7 5 1 1 6 6 5 2 7 4 1 5 6 7 2 8 1 1 4 1 6 4 4 4 8 3 6 4 3 5 5 3 6]]
RMS&Group: 1.39899708018[[2 2 7 5 7 1 6 6 5 2 2 4 1 5 6 7 7 8 1 1 4 1 6 5 4 4 8 3 6 4 3 5 5 3 6]]
RMS&Group: 1.33017834809[[2 2 7 5 7 1 6 6 5 2 2 5 7 5 6 2 7 8 1 1 4 1 6 5 4 4 8 3 6 5 3 5 5 3 6]]
RMS&Group: 1.43530589754[[2 2 7 5 7 1 6 6 6 2 2 5 7 5 6 2 7 8 7 1 5 7 6 5 5 4 8 3 6 5 3 5 5 3 6]]
RMS&Group: 1.65121064451[[8 2 8 5 7 1 1 6 6 2 2 5 7 5 1 2 2 4 7 7 5 7 6 5 5 4 4 4 1 5 4 5 5 3 6]]
RMS&Group: 1.60438084836[[3 2 3 5 8 7 1 6 6 2 2 5 8 6 1 2 2 4 7 7 5 7 1 5 5 4 4 4 1 5 4 6 6 4 6]]
RMS&Group: 1.60709815824[[7 2 7 6 3 8 1 1 6 2 2 5 3 6 1 2 2 4 8 8 5 3 1 5 5 5 4 4 1 5 4 6 6 4 1]]
RMS&Group: 1.35825456547[[2 2 7 6 7 3 8 1 6 2 2 5 7 6 8 2 2 4 3 3 5 3 1 6 5 5 4 4 1 5 4 6 6 4 1]]
RMS&Group: 1.44964317683[[2 2 2 6 7 3 8 8 1 2 2 6 7 6 8 2 2 4 7 3 5 7 8 6 5 5 4 4 1 6 4 6 8 4 1]]
RMS&Group: 1.40657486829[[2 2 2 1 7 7 3 8 1 2 2 6 7 1 3 2 2 4 7 7 6 7 8 6 6 5 4 4 3 6 4 8 8 4 8]]
RMS&Group: 1.45715520796[[2 2 2 1 7 7 3 3 8 2 2 6 7 8 3 2 2 5 7 7 6 7 3 1 6 6 4 4 3 1 4 8 8 4 8]]
RMS&Group: 1.43365519061[[2 2 2 8 7 7 3 3 8 2 2 1 7 8 3 2 2 5 7 7 6 7 3 1 1 6 4 4 3 1 4 8 8 4 3]]
RMS&Group: 1.52311219399[[5 2 2 8 7 7 3 3 8 2 2 1 7 8 3 5 2 6 7 7 1 7 3 1 1 6 6 4 3 1 4 8 8 4 3]]
RMS&Group: 1.41582384115[[2 2 5 8 7 7 3 3 8 2 5 1 7 8 3 5 2 6 7 7 1 7 3 1 1 1 6 4 3 1 4 8 8 4 3]]
RMS&Group: 1.39899708018[[2 2 5 8 5 7 3 3 8 2 2 1 7 8 3 5 5 6 7 7 1 7 3 8 1 1 6 4 3 1 4 8 8 4 3]]
RMS&Group: 1.33017834809[[2 2 5 8 5 7 3 3 8 2 2 8 5 8 3 2 5 6 7 7 1 7 3 8 1 1 6 4 3 8 4 8 8 4 3]]
RMS&Group: 1.43530589754[[2 2 5 8 5 7 3 3 3 2 2 8 5 8 3 2 5 6 5 7 8 5 3 8 8 1 6 4 3 8 4 8 8 4 3]]
RMS&Group: 1.65121064451[[6 2 6 8 5 7 7 3 3 2 2 8 5 8 7 2 2 1 5 5 8 5 3 8 8 1 1 1 7 8 1 8 8 4 3]]
RMS&Group: 1.60438084836[[4 2 4 8 6 5 7 3 3 2 2 8 6 3 7 2 2 1 5 5 8 5 7 8 8 1 1 1 7 8 1 3 3 1 3]]
RMS&Group: 1.60709815824[[5 2 5 3 4 6 7 7 3 2 2 8 4 3 7 2 2 1 6 6 8 4 7 8 8 8 1 1 7 8 1 3 3 1 7]]
RMS&Group: 1.35825456547[[2 2 5 3 5 4 6 7 3 2 2 8 5 3 6 2 2 1 4 4 8 4 7 3 8 8 1 1 7 8 1 3 3 1 7]]
RMS&Group: 1.44964317683[[2 2 2 3 5 4 6 6 7 2 2 3 5 3 6 2 2 1 5 4 8 5 6 3 8 8 1 1 7 3 1 3 6 1 7]]
RMS&Group: 1.40657486829[[2 2 2 7 5 5 4 6 7 2 2 3 5 7 4 2 2 1 5 5 3 5 6 3 3 8 1 1 4 3 1 6 6 1 6]]
RMS&Group: 1.45715520796[[2 2 2 7 5 5 4 4 6 2 2 3 5 6 4 2 2 8 5 5 3 5 4 7 3 3 1 1 4 7 1 6 6 1 6]]
RMS&Group: 1.43365519061[[2 2 2 6 5 5 4 4 6 2 2 7 5 6 4 2 2 8 5 5 3 5 4 7 7 3 1 1 4 7 1 6 6 1 4]]
RMS&Group: 1.52311219399[[8 2 2 6 5 5 4 4 6 2 2 7 5 6 4 8 2 3 5 5 7 5 4 7 7 3 3 1 4 7 1 6 6 1 4]]
RMS&Group: 1.41582384115[[2 2 8 6 5 5 4 4 6 2 8 7 5 6 4 8 2 3 5 5 7 5 4 7 7 7 3 1 4 7 1 6 6 1 4]]
RMS&Group: 1.39899708018[[2 2 8 6 8 5 4 4 6 2 2 7 5 6 4 8 8 3 5 5 7 5 4 6 7 7 3 1 4 7 1 6 6 1 4]]
RMS&Group: 1.33017834809[[2 2 8 6 8 5 4 4 6 2 2 6 8 6 4 2 8 3 5 5 7 5 4 6 7 7 3 1 4 6 1 6 6 1 4]]
RMS&Group: 1.43530589754[[2 2 8 6 8 5 4 4 4 2 2 6 8 6 4 2 8 3 8 5 6 8 4 6 6 7 3 1 4 6 1 6 6 1 4]]
RMS&Group: 1.65121064451[[3 2 3 6 8 5 5 4 4 2 2 6 8 6 5 2 2 7 8 8 6 8 4 6 6 7 7 7 5 6 7 6 6 1 4]]
RMS&Group: 1.60438084836[[1 2 1 6 3 8 5 4 4 2 2 6 3 4 5 2 2 7 8 8 6 8 5 6 6 7 7 7 5 6 7 4 4 7 4]]
RMS&Group: 1.60709815824[[8 2 8 4 1 3 5 5 4 2 2 6 1 4 5 2 2 7 3 3 6 1 5 6 6 6 7 7 5 6 7 4 4 7 5]]
RMS&Group: 1.35825456547[[2 2 8 4 8 1 3 5 4 2 2 6 8 4 3 2 2 7 1 1 6 1 5 4 6 6 7 7 5 6 7 4 4 7 5]]
RMS&Group: 1.44964317683[[2 2 2 4 8 1 3 3 5 2 2 4 8 4 3 2 2 7 8 1 6 8 3 4 6 6 7 7 5 4 7 4 3 7 5]]
RMS&Group: 1.40657486829[[2 2 2 5 8 8 1 3 5 2 2 4 8 5 1 2 2 7 8 8 4 8 3 4 4 6 7 7 1 4 7 3 3 7 3]]
RMS&Group: 1.45715520796[[2 2 2 5 8 8 1 1 3 2 2 4 8 3 1 2 2 6 8 8 4 8 1 5 4 4 7 7 1 5 7 3 3 7 3]]
RMS&Group: 1.43365519061[[2 2 2 3 8 8 1 1 3 2 2 5 8 3 1 2 2 6 8 8 4 8 1 5 5 4 7 7 1 5 7 3 3 7 1]]
RMS&Group: 1.52311219399[[6 2 2 3 8 8 1 1 3 2 2 5 8 3 1 6 2 4 8 8 5 8 1 5 5 4 4 7 1 5 7 3 3 7 1]]
RMS&Group: 1.41582384115[[2 2 6 3 8 8 1 1 3 2 6 5 8 3 1 6 2 4 8 8 5 8 1 5 5 5 4 7 1 5 7 3 3 7 1]]
RMS&Group: 1.39899708018[[2 2 6 3 6 8 1 1 3 2 2 5 8 3 1 6 6 4 8 8 5 8 1 3 5 5 4 7 1 5 7 3 3 7 1]]
RMS&Group: 1.33017834809[[2 2 6 3 6 8 1 1 3 2 2 3 6 3 1 2 6 4 8 8 5 8 1 3 5 5 4 7 1 3 7 3 3 7 1]]
RMS&Group: 1.43530589754[[2 2 6 3 6 8 1 1 1 2 2 3 6 3 1 2 6 4 6 8 3 6 1 3 3 5 4 7 1 3 7 3 3 7 1]]
RMS&Group: 1.65121064451[[4 2 4 3 6 8 8 1 1 2 2 3 6 3 8 2 2 5 6 6 3 6 1 3 3 5 5 5 8 3 5 3 3 7 1]]
RMS&Group: 1.60438084836[[7 2 7 3 4 6 8 1 1 2 2 3 4 1 8 2 2 5 6 6 3 6 8 3 3 5 5 5 8 3 5 1 1 5 1]]
RMS&Group: 1.60709815824[[6 2 6 1 7 4 8 8 1 2 2 3 7 1 8 2 2 5 4 4 3 7 8 3 3 3 5 5 8 3 5 1 1 5 8]]
RMS&Group: 1.35825456547[[2 2 6 1 6 7 4 8 1 2 2 3 6 1 4 2 2 5 7 7 3 7 8 1 3 3 5 5 8 3 5 1 1 5 8]]
RMS&Group: 1.44964317683[[2 2 2 1 6 7 4 4 8 2 2 1 6 1 4 2 2 5 6 7 3 6 4 1 3 3 5 5 8 1 5 1 4 5 8]]
RMS&Group: 1.40657486829[[2 2 2 8 6 6 7 4 8 2 2 1 6 8 7 2 2 5 6 6 1 6 4 1 1 3 5 5 7 1 5 4 4 5 4]]
RMS&Group: 1.45715520796[[2 2 2 8 6 6 7 7 4 2 2 1 6 4 7 2 2 3 6 6 1 6 7 8 1 1 5 5 7 8 5 4 4 5 4]]
RMS&Group: 1.43365519061[[2 2 2 4 6 6 7 7 4 2 2 8 6 4 7 2 2 3 6 6 1 6 7 8 8 1 5 5 7 8 5 4 4 5 7]]
RMS&Group: 1.52311219399[[3 2 2 4 6 6 7 7 4 2 2 8 6 4 7 3 2 1 6 6 8 6 7 8 8 1 1 5 7 8 5 4 4 5 7]]
RMS&Group: 1.41582384115[[2 2 3 4 6 6 7 7 4 2 3 8 6 4 7 3 2 1 6 6 8 6 7 8 8 8 1 5 7 8 5 4 4 5 7]]
RMS&Group: 1.39899708018[[2 2 3 4 3 6 7 7 4 2 2 8 6 4 7 3 3 1 6 6 8 6 7 4 8 8 1 5 7 8 5 4 4 5 7]]
RMS&Group: 1.33017834809[[2 2 3 4 3 6 7 7 4 2 2 4 3 4 7 2 3 1 6 6 8 6 7 4 8 8 1 5 7 4 5 4 4 5 7]]
RMS&Group: 1.43530589754[[2 2 3 4 3 6 7 7 7 2 2 4 3 4 7 2 3 1 3 6 4 3 7 4 4 8 1 5 7 4 5 4 4 5 7]]
RMS&Group: 1.65121064451[[1 2 1 4 3 6 6 7 7 2 2 4 3 4 6 2 2 8 3 3 4 3 7 4 4 8 8 8 6 4 8 4 4 5 7]]
RMS&Group: 1.60438084836[[5 2 5 4 1 3 6 7 7 2 2 4 1 7 6 2 2 8 3 3 4 3 6 4 4 8 8 8 6 4 8 7 7 8 7]]
RMS&Group: 1.60709815824[[3 2 3 7 5 1 6 6 7 2 2 4 5 7 6 2 2 8 1 1 4 5 6 4 4 4 8 8 6 4 8 7 7 8 6]]
RMS&Group: 1.35825456547[[2 2 3 7 3 5 1 6 7 2 2 4 3 7 1 2 2 8 5 5 4 5 6 7 4 4 8 8 6 4 8 7 7 8 6]]
RMS&Group: 1.44964317683[[2 2 2 7 3 5 1 1 6 2 2 7 3 7 1 2 2 8 3 5 4 3 1 7 4 4 8 8 6 7 8 7 1 8 6]]
RMS&Group: 1.40657486829[[2 2 2 6 3 3 5 1 6 2 2 7 3 6 5 2 2 8 3 3 7 3 1 7 7 4 8 8 5 7 8 1 1 8 1]]
RMS&Group: 1.45715520796[[2 2 2 6 3 3 5 5 1 2 2 7 3 1 5 2 2 4 3 3 7 3 5 6 7 7 8 8 5 6 8 1 1 8 1]]
RMS&Group: 1.43365519061[[2 2 2 1 3 3 5 5 1 2 2 6 3 1 5 2 2 4 3 3 7 3 5 6 6 7 8 8 5 6 8 1 1 8 5]]
RMS&Group: 1.52311219399[[4 2 2 1 3 3 5 5 1 2 2 6 3 1 5 4 2 7 3 3 6 3 5 6 6 7 7 8 5 6 8 1 1 8 5]]
RMS&Group: 1.41582384115[[2 2 4 1 3 3 5 5 1 2 4 6 3 1 5 4 2 7 3 3 6 3 5 6 6 6 7 8 5 6 8 1 1 8 5]]
RMS&Group: 1.39899708018[[2 2 4 1 4 3 5 5 1 2 2 6 3 1 5 4 4 7 3 3 6 3 5 1 6 6 7 8 5 6 8 1 1 8 5]]
RMS&Group: 1.33017834809[[2 2 4 1 4 3 5 5 1 2 2 1 4 1 5 2 4 7 3 3 6 3 5 1 6 6 7 8 5 1 8 1 1 8 5]]
RMS&Group: 1.43530589754[[2 2 4 1 4 3 5 5 5 2 2 1 4 1 5 2 4 7 4 3 1 4 5 1 1 6 7 8 5 1 8 1 1 8 5]]
RMS&Group: 1.65121064451[[7 2 7 1 4 3 3 5 5 2 2 1 4 1 3 2 2 6 4 4 1 4 5 1 1 6 6 6 3 1 6 1 1 8 5]]
RMS&Group: 1.60438084836[[8 2 8 1 7 4 3 5 5 2 2 1 7 5 3 2 2 6 4 4 1 4 3 1 1 6 6 6 3 1 6 5 5 6 5]]
RMS&Group: 1.60709815824[[4 2 4 5 8 7 3 3 5 2 2 1 8 5 3 2 2 6 7 7 1 8 3 1 1 1 6 6 3 1 6 5 5 6 3]]
RMS&Group: 1.35825456547[[2 2 4 5 4 8 7 3 5 2 2 1 4 5 7 2 2 6 8 8 1 8 3 5 1 1 6 6 3 1 6 5 5 6 3]]
RMS&Group: 1.44964317683[[2 2 2 5 4 8 7 7 3 2 2 5 4 5 7 2 2 6 4 8 1 4 7 5 1 1 6 6 3 5 6 5 7 6 3]]
RMS&Group: 1.40657486829[[2 2 2 3 4 4 8 7 3 2 2 5 4 3 8 2 2 6 4 4 5 4 7 5 5 1 6 6 8 5 6 7 7 6 7]]
RMS&Group: 1.45715520796[[2 2 2 3 4 4 8 8 7 2 2 5 4 7 8 2 2 1 4 4 5 4 8 3 5 5 6 6 8 3 6 7 7 6 7]]
RMS&Group: 1.43365519061[[2 2 2 7 4 4 8 8 7 2 2 3 4 7 8 2 2 1 4 4 5 4 8 3 3 5 6 6 8 3 6 7 7 6 8]]
RMS&Group: 1.52311219399[[1 2 2 7 4 4 8 8 7 2 2 3 4 7 8 1 2 5 4 4 3 4 8 3 3 5 5 6 8 3 6 7 7 6 8]]
RMS&Group: 1.41582384115[[2 2 1 7 4 4 8 8 7 2 1 3 4 7 8 1 2 5 4 4 3 4 8 3 3 3 5 6 8 3 6 7 7 6 8]]
RMS&Group: 1.39899708018[[2 2 1 7 1 4 8 8 7 2 2 3 4 7 8 1 1 5 4 4 3 4 8 7 3 3 5 6 8 3 6 7 7 6 8]]
RMS&Group: 1.33017834809[[2 2 1 7 1 4 8 8 7 2 2 7 1 7 8 2 1 5 4 4 3 4 8 7 3 3 5 6 8 7 6 7 7 6 8]]
RMS&Group: 1.43530589754[[2 2 1 7 1 4 8 8 8 2 2 7 1 7 8 2 1 5 1 4 7 1 8 7 7 3 5 6 8 7 6 7 7 6 8]]
RMS&Group: 1.65121064451[[5 2 5 7 1 4 4 8 8 2 2 7 1 7 4 2 2 3 1 1 7 1 8 7 7 3 3 3 4 7 3 7 7 6 8]]
RMS&Group: 1.60438084836[[6 2 6 7 5 1 4 8 8 2 2 7 5 8 4 2 2 3 1 1 7 1 4 7 7 3 3 3 4 7 3 8 8 3 8]]
RMS&Group: 1.60709815824[[1 2 1 8 6 5 4 4 8 2 2 7 6 8 4 2 2 3 5 5 7 6 4 7 7 7 3 3 4 7 3 8 8 3 4]]
RMS&Group: 1.35825456547[[2 2 1 8 1 6 5 4 8 2 2 7 1 8 5 2 2 3 6 6 7 6 4 8 7 7 3 3 4 7 3 8 8 3 4]]
RMS&Group: 1.44964317683[[2 2 2 8 1 6 5 5 4 2 2 8 1 8 5 2 2 3 1 6 7 1 5 8 7 7 3 3 4 8 3 8 5 3 4]]
RMS&Group: 1.40657486829[[2 2 2 4 1 1 6 5 4 2 2 8 1 4 6 2 2 3 1 1 8 1 5 8 8 7 3 3 6 8 3 5 5 3 5]]
RMS&Group: 1.45715520796[[2 2 2 4 1 1 6 6 5 2 2 8 1 5 6 2 2 7 1 1 8 1 6 4 8 8 3 3 6 4 3 5 5 3 5]]
RMS&Group: 1.43365519061[[2 2 2 5 1 1 6 6 5 2 2 4 1 5 6 2 2 7 1 1 8 1 6 4 4 8 3 3 6 4 3 5 5 3 6]]
RMS&Group: 1.52311219399[[7 2 2 5 1 1 6 6 5 2 2 4 1 5 6 7 2 8 1 1 4 1 6 4 4 8 8 3 6 4 3 5 5 3 6]]
RMS&Group: 1.41582384115[[2 2 7 5 1 1 6 6 5 2 7 4 1 5 6 7 2 8 1 1 4 1 6 4 4 4 8 3 6 4 3 5 5 3 6]]
RMS&Group: 1.39899708018[[2 2 7 5 7 1 6 6 5 2 2 4 1 5 6 7 7 8 1 1 4 1 6 5 4 4 8 3 6 4 3 5 5 3 6]]
RMS&Group: 1.33017834809[[2 2 7 5 7 1 6 6 5 2 2 5 7 5 6 2 7 8 1 1 4 1 6 5 4 4 8 3 6 5 3 5 5 3 6]]
RMS&Group: 1.43530589754[[2 2 7 5 7 1 6 6 6 2 2 5 7 5 6 2 7 8 7 1 5 7 6 5 5 4 8 3 6 5 3 5 5 3 6]]
RMS&Group: 1.65121064451[[8 2 8 5 7 1 1 6 6 2 2 5 7 5 1 2 2 4 7 7 5 7 6 5 5 4 4 4 1 5 4 5 5 3 6]]
RMS&Group: 1.60438084836[[3 2 3 5 8 7 1 6 6 2 2 5 8 6 1 2 2 4 7 7 5 7 1 5 5 4 4 4 1 5 4 6 6 4 6]]
RMS&Group: 1.60709815824[[7 2 7 6 3 8 1 1 6 2 2 5 3 6 1 2 2 4 8 8 5 3 1 5 5 5 4 4 1 5 4 6 6 4 1]]
RMS&Group: 1.35825456547[[2 2 7 6 7 3 8 1 6 2 2 5 7 6 8 2 2 4 3 3 5 3 1 6 5 5 4 4 1 5 4 6 6 4 1]]
RMS&Group: 1.44964317683[[2 2 2 6 7 3 8 8 1 2 2 6 7 6 8 2 2 4 7 3 5 7 8 6 5 5 4 4 1 6 4 6 8 4 1]]
RMS&Group: 1.40657486829[[2 2 2 1 7 7 3 8 1 2 2 6 7 1 3 2 2 4 7 7 6 7 8 6 6 5 4 4 3 6 4 8 8 4 8]]
RMS&Group: 1.45715520796[[2 2 2 1 7 7 3 3 8 2 2 6 7 8 3 2 2 5 7 7 6 7 3 1 6 6 4 4 3 1 4 8 8 4 8]]
RMS&Group: 1.43365519061[[2 2 2 8 7 7 3 3 8 2 2 1 7 8 3 2 2 5 7 7 6 7 3 1 1 6 4 4 3 1 4 8 8 4 3]]
RMS&Group: 1.52311219399[[5 2 2 8 7 7 3 3 8 2 2 1 7 8 3 5 2 6 7 7 1 7 3 1 1 6 6 4 3 1 4 8 8 4 3]]
RMS&Group: 1.41582384115[[2 2 5 8 7 7 3 3 8 2 5 1 7 8 3 5 2 6 7 7 1 7 3 1 1 1 6 4 3 1 4 8 8 4 3]]
RMS&Group: 1.39899708018[[2 2 5 8 5 7 3 3 8 2 2 1 7 8 3 5 5 6 7 7 1 7 3 8 1 1 6 4 3 1 4 8 8 4 3]]
RMS&Group: 1.33017834809[[2 2 5 8 5 7 3 3 8 2 2 8 5 8 3 2 5 6 7 7 1 7 3 8 1 1 6 4 3 8 4 8 8 4 3]]
RMS&Group: 1.43530589754[[2 2 5 8 5 7 3 3 3 2 2 8 5 8 3 2 5 6 5 7 8 5 3 8 8 1 6 4 3 8 4 8 8 4 3]]
RMS&Group: 1.65121064451[[6 2 6 8 5 7 7 3 3 2 2 8 5 8 7 2 2 1 5 5 8 5 3 8 8 1 1 1 7 8 1 8 8 4 3]]
RMS&Group: 1.60438084836[[4 2 4 8 6 5 7 3 3 2 2 8 6 3 7 2 2 1 5 5 8 5 7 8 8 1 1 1 7 8 1 3 3 1 3]]
RMS&Group: 1.60709815824[[5 2 5 3 4 6 7 7 3 2 2 8 4 3 7 2 2 1 6 6 8 4 7 8 8 8 1 1 7 8 1 3 3 1 7]]
RMS&Group: 1.35825456547[[2 2 5 3 5 4 6 7 3 2 2 8 5 3 6 2 2 1 4 4 8 4 7 3 8 8 1 1 7 8 1 3 3 1 7]]
RMS&Group: 1.44964317683[[2 2 2 3 5 4 6 6 7 2 2 3 5 3 6 2 2 1 5 4 8 5 6 3 8 8 1 1 7 3 1 3 6 1 7]]
RMS&Group: 1.40657486829[[2 2 2 7 5 5 4 6 7 2 2 3 5 7 4 2 2 1 5 5 3 5 6 3 3 8 1 1 4 3 1 6 6 1 6]]
RMS&Group: 1.45715520796[[2 2 2 7 5 5 4 4 6 2 2 3 5 6 4 2 2 8 5 5 3 5 4 7 3 3 1 1 4 7 1 6 6 1 6]]
RMS&Group: 1.43365519061[[2 2 2 6 5 5 4 4 6 2 2 7 5 6 4 2 2 8 5 5 3 5 4 7 7 3 1 1 4 7 1 6 6 1 4]]
RMS&Group: 1.52311219399[[8 2 2 6 5 5 4 4 6 2 2 7 5 6 4 8 2 3 5 5 7 5 4 7 7 3 3 1 4 7 1 6 6 1 4]]
RMS&Group: 1.41582384115[[2 2 8 6 5 5 4 4 6 2 8 7 5 6 4 8 2 3 5 5 7 5 4 7 7 7 3 1 4 7 1 6 6 1 4]]
RMS&Group: 1.39899708018[[2 2 8 6 8 5 4 4 6 2 2 7 5 6 4 8 8 3 5 5 7 5 4 6 7 7 3 1 4 7 1 6 6 1 4]]
RMS&Group: 1.33017834809[[2 2 8 6 8 5 4 4 6 2 2 6 8 6 4 2 8 3 5 5 7 5 4 6 7 7 3 1 4 6 1 6 6 1 4]]
RMS&Group: 1.43530589754[[2 2 8 6 8 5 4 4 4 2 2 6 8 6 4 2 8 3 8 5 6 8 4 6 6 7 3 1 4 6 1 6 6 1 4]]
RMS&Group: 1.65121064451[[3 2 3 6 8 5 5 4 4 2 2 6 8 6 5 2 2 7 8 8 6 8 4 6 6 7 7 7 5 6 7 6 6 1 4]]
RMS&Group: 1.60438084836[[1 2 1 6 3 8 5 4 4 2 2 6 3 4 5 2 2 7 8 8 6 8 5 6 6 7 7 7 5 6 7 4 4 7 4]]
RMS&Group: 1.60709815824[[8 2 8 4 1 3 5 5 4 2 2 6 1 4 5 2 2 7 3 3 6 1 5 6 6 6 7 7 5 6 7 4 4 7 5]]
RMS&Group: 1.35825456547[[2 2 8 4 8 1 3 5 4 2 2 6 8 4 3 2 2 7 1 1 6 1 5 4 6 6 7 7 5 6 7 4 4 7 5]]
RMS&Group: 1.44964317683[[2 2 2 4 8 1 3 3 5 2 2 4 8 4 3 2 2 7 8 1 6 8 3 4 6 6 7 7 5 4 7 4 3 7 5]]
RMS&Group: 1.40657486829[[2 2 2 5 8 8 1 3 5 2 2 4 8 5 1 2 2 7 8 8 4 8 3 4 4 6 7 7 1 4 7 3 3 7 3]]
RMS&Group: 1.45715520796[[2 2 2 5 8 8 1 1 3 2 2 4 8 3 1 2 2 6 8 8 4 8 1 5 4 4 7 7 1 5 7 3 3 7 3]]
RMS&Group: 1.43365519061[[2 2 2 3 8 8 1 1 3 2 2 5 8 3 1 2 2 6 8 8 4 8 1 5 5 4 7 7 1 5 7 3 3 7 1]]
RMS&Group: 1.52311219399[[6 2 2 3 8 8 1 1 3 2 2 5 8 3 1 6 2 4 8 8 5 8 1 5 5 4 4 7 1 5 7 3 3 7 1]]
RMS&Group: 1.41582384115[[2 2 6 3 8 8 1 1 3 2 6 5 8 3 1 6 2 4 8 8 5 8 1 5 5 5 4 7 1 5 7 3 3 7 1]]
RMS&Group: 1.39899708018[[2 2 6 3 6 8 1 1 3 2 2 5 8 3 1 6 6 4 8 8 5 8 1 3 5 5 4 7 1 5 7 3 3 7 1]]
RMS&Group: 1.33017834809[[2 2 6 3 6 8 1 1 3 2 2 3 6 3 1 2 6 4 8 8 5 8 1 3 5 5 4 7 1 3 7 3 3 7 1]]
RMS&Group: 1.43530589754[[2 2 6 3 6 8 1 1 1 2 2 3 6 3 1 2 6 4 6 8 3 6 1 3 3 5 4 7 1 3 7 3 3 7 1]]
RMS&Group: 1.65121064451[[4 2 4 3 6 8 8 1 1 2 2 3 6 3 8 2 2 5 6 6 3 6 1 3 3 5 5 5 8 3 5 3 3 7 1]]
RMS&Group: 1.60438084836[[7 2 7 3 4 6 8 1 1 2 2 3 4 1 8 2 2 5 6 6 3 6 8 3 3 5 5 5 8 3 5 1 1 5 1]]
RMS&Group: 1.60709815824[[6 2 6 1 7 4 8 8 1 2 2 3 7 1 8 2 2 5 4 4 3 7 8 3 3 3 5 5 8 3 5 1 1 5 8]]
RMS&Group: 1.35825456547[[2 2 6 1 6 7 4 8 1 2 2 3 6 1 4 2 2 5 7 7 3 7 8 1 3 3 5 5 8 3 5 1 1 5 8]]
RMS&Group: 1.44964317683[[2 2 2 1 6 7 4 4 8 2 2 1 6 1 4 2 2 5 6 7 3 6 4 1 3 3 5 5 8 1 5 1 4 5 8]]
RMS&Group: 1.40657486829[[2 2 2 8 6 6 7 4 8 2 2 1 6 8 7 2 2 5 6 6 1 6 4 1 1 3 5 5 7 1 5 4 4 5 4]]
RMS&Group: 1.45715520796[[2 2 2 8 6 6 7 7 4 2 2 1 6 4 7 2 2 3 6 6 1 6 7 8 1 1 5 5 7 8 5 4 4 5 4]]
RMS&Group: 1.43365519061[[2 2 2 4 6 6 7 7 4 2 2 8 6 4 7 2 2 3 6 6 1 6 7 8 8 1 5 5 7 8 5 4 4 5 7]]
RMS&Group: 1.52311219399[[3 2 2 4 6 6 7 7 4 2 2 8 6 4 7 3 2 1 6 6 8 6 7 8 8 1 1 5 7 8 5 4 4 5 7]]
RMS&Group: 1.41582384115[[2 2 3 4 6 6 7 7 4 2 3 8 6 4 7 3 2 1 6 6 8 6 7 8 8 8 1 5 7 8 5 4 4 5 7]]
RMS&Group: 1.39899708018[[2 2 3 4 3 6 7 7 4 2 2 8 6 4 7 3 3 1 6 6 8 6 7 4 8 8 1 5 7 8 5 4 4 5 7]]
RMS&Group: 1.33017834809[[2 2 3 4 3 6 7 7 4 2 2 4 3 4 7 2 3 1 6 6 8 6 7 4 8 8 1 5 7 4 5 4 4 5 7]]
RMS&Group: 1.43530589754[[2 2 3 4 3 6 7 7 7 2 2 4 3 4 7 2 3 1 3 6 4 3 7 4 4 8 1 5 7 4 5 4 4 5 7]]
RMS&Group: 1.65121064451[[1 2 1 4 3 6 6 7 7 2 2 4 3 4 6 2 2 8 3 3 4 3 7 4 4 8 8 8 6 4 8 4 4 5 7]]
RMS&Group: 1.60438084836[[5 2 5 4 1 3 6 7 7 2 2 4 1 7 6 2 2 8 3 3 4 3 6 4 4 8 8 8 6 4 8 7 7 8 7]]
RMS&Group: 1.60709815824[[3 2 3 7 5 1 6 6 7 2 2 4 5 7 6 2 2 8 1 1 4 5 6 4 4 4 8 8 6 4 8 7 7 8 6]]
RMS&Group: 1.35825456547[[2 2 3 7 3 5 1 6 7 2 2 4 3 7 1 2 2 8 5 5 4 5 6 7 4 4 8 8 6 4 8 7 7 8 6]]
RMS&Group: 1.44964317683[[2 2 2 7 3 5 1 1 6 2 2 7 3 7 1 2 2 8 3 5 4 3 1 7 4 4 8 8 6 7 8 7 1 8 6]]
RMS&Group: 1.40657486829[[2 2 2 6 3 3 5 1 6 2 2 7 3 6 5 2 2 8 3 3 7 3 1 7 7 4 8 8 5 7 8 1 1 8 1]]
RMS&Group: 1.45715520796[[2 2 2 6 3 3 5 5 1 2 2 7 3 1 5 2 2 4 3 3 7 3 5 6 7 7 8 8 5 6 8 1 1 8 1]]
RMS&Group: 1.43365519061[[2 2 2 1 3 3 5 5 1 2 2 6 3 1 5 2 2 4 3 3 7 3 5 6 6 7 8 8 5 6 8 1 1 8 5]]
RMS&Group: 1.52311219399[[4 2 2 1 3 3 5 5 1 2 2 6 3 1 5 4 2 7 3 3 6 3 5 6 6 7 7 8 5 6 8 1 1 8 5]]
RMS&Group: 1.41582384115[[2 2 4 1 3 3 5 5 1 2 4 6 3 1 5 4 2 7 3 3 6 3 5 6 6 6 7 8 5 6 8 1 1 8 5]]
RMS&Group: 1.39899708018[[2 2 4 1 4 3 5 5 1 2 2 6 3 1 5 4 4 7 3 3 6 3 5 1 6 6 7 8 5 6 8 1 1 8 5]]
RMS&Group: 1.33017834809[[2 2 4 1 4 3 5 5 1 2 2 1 4 1 5 2 4 7 3 3 6 3 5 1 6 6 7 8 5 1 8 1 1 8 5]]
RMS&Group: 1.43530589754[[2 2 4 1 4 3 5 5 5 2 2 1 4 1 5 2 4 7 4 3 1 4 5 1 1 6 7 8 5 1 8 1 1 8 5]]
RMS&Group: 1.65121064451[[7 2 7 1 4 3 3 5 5 2 2 1 4 1 3 2 2 6 4 4 1 4 5 1 1 6 6 6 3 1 6 1 1 8 5]]
RMS&Group: 1.60438084836[[8 2 8 1 7 4 3 5 5 2 2 1 7 5 3 2 2 6 4 4 1 4 3 1 1 6 6 6 3 1 6 5 5 6 5]]
RMS&Group: 1.60709815824[[4 2 4 5 8 7 3 3 5 2 2 1 8 5 3 2 2 6 7 7 1 8 3 1 1 1 6 6 3 1 6 5 5 6 3]]
RMS&Group: 1.35825456547[[2 2 4 5 4 8 7 3 5 2 2 1 4 5 7 2 2 6 8 8 1 8 3 5 1 1 6 6 3 1 6 5 5 6 3]]
RMS&Group: 1.44964317683[[2 2 2 5 4 8 7 7 3 2 2 5 4 5 7 2 2 6 4 8 1 4 7 5 1 1 6 6 3 5 6 5 7 6 3]]
RMS&Group: 1.40657486829[[2 2 2 3 4 4 8 7 3 2 2 5 4 3 8 2 2 6 4 4 5 4 7 5 5 1 6 6 8 5 6 7 7 6 7]]
RMS&Group: 1.45715520796[[2 2 2 3 4 4 8 8 7 2 2 5 4 7 8 2 2 1 4 4 5 4 8 3 5 5 6 6 8 3 6 7 7 6 7]]
RMS&Group: 1.43365519061[[2 2 2 7 4 4 8 8 7 2 2 3 4 7 8 2 2 1 4 4 5 4 8 3 3 5 6 6 8 3 6 7 7 6 8]]
RMS&Group: 1.52311219399[[1 2 2 7 4 4 8 8 7 2 2 3 4 7 8 1 2 5 4 4 3 4 8 3 3 5 5 6 8 3 6 7 7 6 8]]
RMS&Group: 1.41582384115[[2 2 1 7 4 4 8 8 7 2 1 3 4 7 8 1 2 5 4 4 3 4 8 3 3 3 5 6 8 3 6 7 7 6 8]]
RMS&Group: 1.39899708018[[2 2 1 7 1 4 8 8 7 2 2 3 4 7 8 1 1 5 4 4 3 4 8 7 3 3 5 6 8 3 6 7 7 6 8]]
RMS&Group: 1.33017834809[[2 2 1 7 1 4 8 8 7 2 2 7 1 7 8 2 1 5 4 4 3 4 8 7 3 3 5 6 8 7 6 7 7 6 8]]
RMS&Group: 1.43530589754[[2 2 1 7 1 4 8 8 8 2 2 7 1 7 8 2 1 5 1 4 7 1 8 7 7 3 5 6 8 7 6 7 7 6 8]]
RMS&Group: 1.65121064451[[5 2 5 7 1 4 4 8 8 2 2 7 1 7 4 2 2 3 1 1 7 1 8 7 7 3 3 3 4 7 3 7 7 6 8]]
RMS&Group: 1.60438084836[[6 2 6 7 5 1 4 8 8 2 2 7 5 8 4 2 2 3 1 1 7 1 4 7 7 3 3 3 4 7 3 8 8 3 8]]
RMS&Group: 1.60709815824[[1 2 1 8 6 5 4 4 8 2 2 7 6 8 4 2 2 3 5 5 7 6 4 7 7 7 3 3 4 7 3 8 8 3 4]]
RMS&Group: 1.35825456547[[2 2 1 8 1 6 5 4 8 2 2 7 1 8 5 2 2 3 6 6 7 6 4 8 7 7 3 3 4 7 3 8 8 3 4]]
RMS&Group: 1.44964317683[[2 2 2 8 1 6 5 5 4 2 2 8 1 8 5 2 2 3 1 6 7 1 5 8 7 7 3 3 4 8 3 8 5 3 4]]
RMS&Group: 1.40657486829[[2 2 2 4 1 1 6 5 4 2 2 8 1 4 6 2 2 3 1 1 8 1 5 8 8 7 3 3 6 8 3 5 5 3 5]]
RMS&Group: 1.45715520796[[2 2 2 4 1 1 6 6 5 2 2 8 1 5 6 2 2 7 1 1 8 1 6 4 8 8 3 3 6 4 3 5 5 3 5]]
RMS&Group: 1.43365519061[[2 2 2 5 1 1 6 6 5 2 2 4 1 5 6 2 2 7 1 1 8 1 6 4 4 8 3 3 6 4 3 5 5 3 6]]
RMS&Group: 1.52311219399[[7 2 2 5 1 1 6 6 5 2 2 4 1 5 6 7 2 8 1 1 4 1 6 4 4 8 8 3 6 4 3 5 5 3 6]]
RMS&Group: 1.41582384115[[2 2 7 5 1 1 6 6 5 2 7 4 1 5 6 7 2 8 1 1 4 1 6 4 4 4 8 3 6 4 3 5 5 3 6]]
RMS&Group: 1.39899708018[[2 2 7 5 7 1 6 6 5 2 2 4 1 5 6 7 7 8 1 1 4 1 6 5 4 4 8 3 6 4 3 5 5 3 6]]
RMS&Group: 1.33017834809[[2 2 7 5 7 1 6 6 5 2 2 5 7 5 6 2 7 8 1 1 4 1 6 5 4 4 8 3 6 5 3 5 5 3 6]]
RMS&Group: 1.43530589754[[2 2 7 5 7 1 6 6 6 2 2 5 7 5 6 2 7 8 7 1 5 7 6 5 5 4 8 3 6 5 3 5 5 3 6]]
RMS&Group: 1.65121064451[[8 2 8 5 7 1 1 6 6 2 2 5 7 5 1 2 2 4 7 7 5 7 6 5 5 4 4 4 1 5 4 5 5 3 6]]
RMS&Group: 1.60438084836[[3 2 3 5 8 7 1 6 6 2 2 5 8 6 1 2 2 4 7 7 5 7 1 5 5 4 4 4 1 5 4 6 6 4 6]]
RMS&Group: 1.60709815824[[7 2 7 6 3 8 1 1 6 2 2 5 3 6 1 2 2 4 8 8 5 3 1 5 5 5 4 4 1 5 4 6 6 4 1]]
RMS&Group: 1.35825456547[[2 2 7 6 7 3 8 1 6 2 2 5 7 6 8 2 2 4 3 3 5 3 1 6 5 5 4 4 1 5 4 6 6 4 1]]
RMS&Group: 1.44964317683[[2 2 2 6 7 3 8 8 1 2 2 6 7 6 8 2 2 4 7 3 5 7 8 6 5 5 4 4 1 6 4 6 8 4 1]]
RMS&Group: 1.40657486829[[2 2 2 1 7 7 3 8 1 2 2 6 7 1 3 2 2 4 7 7 6 7 8 6 6 5 4 4 3 6 4 8 8 4 8]]
RMS&Group: 1.45715520796[[2 2 2 1 7 7 3 3 8 2 2 6 7 8 3 2 2 5 7 7 6 7 3 1 6 6 4 4 3 1 4 8 8 4 8]]
RMS&Group: 1.43365519061[[2 2 2 8 7 7 3 3 8 2 2 1 7 8 3 2 2 5 7 7 6 7 3 1 1 6 4 4 3 1 4 8 8 4 3]]
RMS&Group: 1.52311219399[[5 2 2 8 7 7 3 3 8 2 2 1 7 8 3 5 2 6 7 7 1 7 3 1 1 6 6 4 3 1 4 8 8 4 3]]
RMS&Group: 1.41582384115[[2 2 5 8 7 7 3 3 8 2 5 1 7 8 3 5 2 6 7 7 1 7 3 1 1 1 6 4 3 1 4 8 8 4 3]]
RMS&Group: 1.39899708018[[2 2 5 8 5 7 3 3 8 2 2 1 7 8 3 5 5 6 7 7 1 7 3 8 1 1 6 4 3 1 4 8 8 4 3]]
RMS&Group: 1.33017834809[[2 2 5 8 5 7 3 3 8 2 2 8 5 8 3 2 5 6 7 7 1 7 3 8 1 1 6 4 3 8 4 8 8 4 3]]
RMS&Group: 1.43530589754[[2 2 5 8 5 7 3 3 3 2 2 8 5 8 3 2 5 6 5 7 8 5 3 8 8 1 6 4 3 8 4 8 8 4 3]]
RMS&Group: 1.65121064451[[6 2 6 8 5 7 7 3 3 2 2 8 5 8 7 2 2 1 5 5 8 5 3 8 8 1 1 1 7 8 1 8 8 4 3]]
RMS&Group: 1.60438084836[[4 2 4 8 6 5 7 3 3 2 2 8 6 3 7 2 2 1 5 5 8 5 7 8 8 1 1 1 7 8 1 3 3 1 3]]
RMS&Group: 1.60709815824[[5 2 5 3 4 6 7 7 3 2 2 8 4 3 7 2 2 1 6 6 8 4 7 8 8 8 1 1 7 8 1 3 3 1 7]]
RMS&Group: 1.35825456547[[2 2 5 3 5 4 6 7 3 2 2 8 5 3 6 2 2 1 4 4 8 4 7 3 8 8 1 1 7 8 1 3 3 1 7]]
RMS&Group: 1.44964317683[[2 2 2 3 5 4 6 6 7 2 2 3 5 3 6 2 2 1 5 4 8 5 6 3 8 8 1 1 7 3 1 3 6 1 7]]
RMS&Group: 1.40657486829[[2 2 2 7 5 5 4 6 7 2 2 3 5 7 4 2 2 1 5 5 3 5 6 3 3 8 1 1 4 3 1 6 6 1 6]]
RMS&Group: 1.45715520796[[2 2 2 7 5 5 4 4 6 2 2 3 5 6 4 2 2 8 5 5 3 5 4 7 3 3 1 1 4 7 1 6 6 1 6]]
RMS&Group: 1.43365519061[[2 2 2 6 5 5 4 4 6 2 2 7 5 6 4 2 2 8 5 5 3 5 4 7 7 3 1 1 4 7 1 6 6 1 4]]
RMS&Group: 1.52311219399[[8 2 2 6 5 5 4 4 6 2 2 7 5 6 4 8 2 3 5 5 7 5 4 7 7 3 3 1 4 7 1 6 6 1 4]]
RMS&Group: 1.41582384115[[2 2 8 6 5 5 4 4 6 2 8 7 5 6 4 8 2 3 5 5 7 5 4 7 7 7 3 1 4 7 1 6 6 1 4]]
RMS&Group: 1.39899708018[[2 2 8 6 8 5 4 4 6 2 2 7 5 6 4 8 8 3 5 5 7 5 4 6 7 7 3 1 4 7 1 6 6 1 4]]
RMS&Group: 1.33017834809[[2 2 8 6 8 5 4 4 6 2 2 6 8 6 4 2 8 3 5 5 7 5 4 6 7 7 3 1 4 6 1 6 6 1 4]]
RMS&Group: 1.43530589754[[2 2 8 6 8 5 4 4 4 2 2 6 8 6 4 2 8 3 8 5 6 8 4 6 6 7 3 1 4 6 1 6 6 1 4]]
RMS&Group: 1.65121064451[[3 2 3 6 8 5 5 4 4 2 2 6 8 6 5 2 2 7 8 8 6 8 4 6 6 7 7 7 5 6 7 6 6 1 4]]
RMS&Group: 1.60438084836[[1 2 1 6 3 8 5 4 4 2 2 6 3 4 5 2 2 7 8 8 6 8 5 6 6 7 7 7 5 6 7 4 4 7 4]]
RMS&Group: 1.60709815824[[8 2 8 4 1 3 5 5 4 2 2 6 1 4 5 2 2 7 3 3 6 1 5 6 6 6 7 7 5 6 7 4 4 7 5]]
RMS&Group: 1.35825456547[[2 2 8 4 8 1 3 5 4 2 2 6 8 4 3 2 2 7 1 1 6 1 5 4 6 6 7 7 5 6 7 4 4 7 5]]
RMS&Group: 1.44964317683[[2 2 2 4 8 1 3 3 5 2 2 4 8 4 3 2 2 7 8 1 6 8 3 4 6 6 7 7 5 4 7 4 3 7 5]]
RMS&Group: 1.40657486829[[2 2 2 5 8 8 1 3 5 2 2 4 8 5 1 2 2 7 8 8 4 8 3 4 4 6 7 7 1 4 7 3 3 7 3]]
RMS&Group: 1.45715520796[[2 2 2 5 8 8 1 1 3 2 2 4 8 3 1 2 2 6 8 8 4 8 1 5 4 4 7 7 1 5 7 3 3 7 3]]
RMS&Group: 1.43365519061[[2 2 2 3 8 8 1 1 3 2 2 5 8 3 1 2 2 6 8 8 4 8 1 5 5 4 7 7 1 5 7 3 3 7 1]]
RMS&Group: 1.52311219399[[6 2 2 3 8 8 1 1 3 2 2 5 8 3 1 6 2 4 8 8 5 8 1 5 5 4 4 7 1 5 7 3 3 7 1]]
RMS&Group: 1.41582384115[[2 2 6 3 8 8 1 1 3 2 6 5 8 3 1 6 2 4 8 8 5 8 1 5 5 5 4 7 1 5 7 3 3 7 1]]
RMS&Group: 1.39899708018[[2 2 6 3 6 8 1 1 3 2 2 5 8 3 1 6 6 4 8 8 5 8 1 3 5 5 4 7 1 5 7 3 3 7 1]]
RMS&Group: 1.33017834809[[2 2 6 3 6 8 1 1 3 2 2 3 6 3 1 2 6 4 8 8 5 8 1 3 5 5 4 7 1 3 7 3 3 7 1]]
RMS&Group: 1.43530589754[[2 2 6 3 6 8 1 1 1 2 2 3 6 3 1 2 6 4 6 8 3 6 1 3 3 5 4 7 1 3 7 3 3 7 1]]
RMS&Group: 1.65121064451[[4 2 4 3 6 8 8 1 1 2 2 3 6 3 8 2 2 5 6 6 3 6 1 3 3 5 5 5 8 3 5 3 3 7 1]]
RMS&Group: 1.60438084836[[7 2 7 3 4 6 8 1 1 2 2 3 4 1 8 2 2 5 6 6 3 6 8 3 3 5 5 5 8 3 5 1 1 5 1]]
RMS&Group: 1.60709815824[[6 2 6 1 7 4 8 8 1 2 2 3 7 1 8 2 2 5 4 4 3 7 8 3 3 3 5 5 8 3 5 1 1 5 8]]
RMS&Group: 1.35825456547[[2 2 6 1 6 7 4 8 1 2 2 3 6 1 4 2 2 5 7 7 3 7 8 1 3 3 5 5 8 3 5 1 1 5 8]]
RMS&Group: 1.44964317683[[2 2 2 1 6 7 4 4 8 2 2 1 6 1 4 2 2 5 6 7 3 6 4 1 3 3 5 5 8 1 5 1 4 5 8]]
RMS&Group: 1.40657486829[[2 2 2 8 6 6 7 4 8 2 2 1 6 8 7 2 2 5 6 6 1 6 4 1 1 3 5 5 7 1 5 4 4 5 4]]
RMS&Group: 1.45715520796[[2 2 2 8 6 6 7 7 4 2 2 1 6 4 7 2 2 3 6 6 1 6 7 8 1 1 5 5 7 8 5 4 4 5 4]]
RMS&Group: 1.43365519061[[2 2 2 4 6 6 7 7 4 2 2 8 6 4 7 2 2 3 6 6 1 6 7 8 8 1 5 5 7 8 5 4 4 5 7]]
RMS&Group: 1.52311219399[[3 2 2 4 6 6 7 7 4 2 2 8 6 4 7 3 2 1 6 6 8 6 7 8 8 1 1 5 7 8 5 4 4 5 7]]
RMS&Group: 1.41582384115[[2 2 3 4 6 6 7 7 4 2 3 8 6 4 7 3 2 1 6 6 8 6 7 8 8 8 1 5 7 8 5 4 4 5 7]]
RMS&Group: 1.39899708018[[2 2 3 4 3 6 7 7 4 2 2 8 6 4 7 3 3 1 6 6 8 6 7 4 8 8 1 5 7 8 5 4 4 5 7]]
RMS&Group: 1.33017834809[[2 2 3 4 3 6 7 7 4 2 2 4 3 4 7 2 3 1 6 6 8 6 7 4 8 8 1 5 7 4 5 4 4 5 7]]
RMS&Group: 1.43530589754[[2 2 3 4 3 6 7 7 7 2 2 4 3 4 7 2 3 1 3 6 4 3 7 4 4 8 1 5 7 4 5 4 4 5 7]]
RMS&Group: 1.65121064451[[1 2 1 4 3 6 6 7 7 2 2 4 3 4 6 2 2 8 3 3 4 3 7 4 4 8 8 8 6 4 8 4 4 5 7]]
RMS&Group: 1.60438084836[[5 2 5 4 1 3 6 7 7 2 2 4 1 7 6 2 2 8 3 3 4 3 6 4 4 8 8 8 6 4 8 7 7 8 7]]
RMS&Group: 1.60709815824[[3 2 3 7 5 1 6 6 7 2 2 4 5 7 6 2 2 8 1 1 4 5 6 4 4 4 8 8 6 4 8 7 7 8 6]]
RMS&Group: 1.35825456547[[2 2 3 7 3 5 1 6 7 2 2 4 3 7 1 2 2 8 5 5 4 5 6 7 4 4 8 8 6 4 8 7 7 8 6]]
RMS&Group: 1.44964317683[[2 2 2 7 3 5 1 1 6 2 2 7 3 7 1 2 2 8 3 5 4 3 1 7 4 4 8 8 6 7 8 7 1 8 6]]
RMS&Group: 1.40657486829[[2 2 2 6 3 3 5 1 6 2 2 7 3 6 5 2 2 8 3 3 7 3 1 7 7 4 8 8 5 7 8 1 1 8 1]]
RMS&Group: 1.45715520796[[2 2 2 6 3 3 5 5 1 2 2 7 3 1 5 2 2 4 3 3 7 3 5 6 7 7 8 8 5 6 8 1 1 8 1]]
RMS&Group: 1.43365519061[[2 2 2 1 3 3 5 5 1 2 2 6 3 1 5 2 2 4 3 3 7 3 5 6 6 7 8 8 5 6 8 1 1 8 5]]
RMS&Group: 1.52311219399[[4 2 2 1 3 3 5 5 1 2 2 6 3 1 5 4 2 7 3 3 6 3 5 6 6 7 7 8 5 6 8 1 1 8 5]]
RMS&Group: 1.41582384115[[2 2 4 1 3 3 5 5 1 2 4 6 3 1 5 4 2 7 3 3 6 3 5 6 6 6 7 8 5 6 8 1 1 8 5]]
RMS&Group: 1.39899708018[[2 2 4 1 4 3 5 5 1 2 2 6 3 1 5 4 4 7 3 3 6 3 5 1 6 6 7 8 5 6 8 1 1 8 5]]
RMS&Group: 1.33017834809[[2 2 4 1 4 3 5 5 1 2 2 1 4 1 5 2 4 7 3 3 6 3 5 1 6 6 7 8 5 1 8 1 1 8 5]]
RMS&Group: 1.43530589754[[2 2 4 1 4 3 5 5 5 2 2 1 4 1 5 2 4 7 4 3 1 4 5 1 1 6 7 8 5 1 8 1 1 8 5]]
RMS&Group: 1.65121064451[[7 2 7 1 4 3 3 5 5 2 2 1 4 1 3 2 2 6 4 4 1 4 5 1 1 6 6 6 3 1 6 1 1 8 5]]
RMS&Group: 1.60438084836[[8 2 8 1 7 4 3 5 5 2 2 1 7 5 3 2 2 6 4 4 1 4 3 1 1 6 6 6 3 1 6 5 5 6 5]]
RMS&Group: 1.60709815824[[4 2 4 5 8 7 3 3 5 2 2 1 8 5 3 2 2 6 7 7 1 8 3 1 1 1 6 6 3 1 6 5 5 6 3]]
RMS&Group: 1.35825456547[[2 2 4 5 4 8 7 3 5 2 2 1 4 5 7 2 2 6 8 8 1 8 3 5 1 1 6 6 3 1 6 5 5 6 3]]
RMS&Group: 1.44964317683[[2 2 2 5 4 8 7 7 3 2 2 5 4 5 7 2 2 6 4 8 1 4 7 5 1 1 6 6 3 5 6 5 7 6 3]]
RMS&Group: 1.40657486829[[2 2 2 3 4 4 8 7 3 2 2 5 4 3 8 2 2 6 4 4 5 4 7 5 5 1 6 6 8 5 6 7 7 6 7]]
RMS&Group: 1.45715520796[[2 2 2 3 4 4 8 8 7 2 2 5 4 7 8 2 2 1 4 4 5 4 8 3 5 5 6 6 8 3 6 7 7 6 7]]
RMS&Group: 1.43365519061[[2 2 2 7 4 4 8 8 7 2 2 3 4 7 8 2 2 1 4 4 5 4 8 3 3 5 6 6 8 3 6 7 7 6 8]]
RMS&Group: 1.52311219399[[1 2 2 7 4 4 8 8 7 2 2 3 4 7 8 1 2 5 4 4 3 4 8 3 3 5 5 6 8 3 6 7 7 6 8]]
RMS&Group: 1.41582384115[[2 2 1 7 4 4 8 8 7 2 1 3 4 7 8 1 2 5 4 4 3 4 8 3 3 3 5 6 8 3 6 7 7 6 8]]
RMS&Group: 1.39899708018[[2 2 1 7 1 4 8 8 7 2 2 3 4 7 8 1 1 5 4 4 3 4 8 7 3 3 5 6 8 3 6 7 7 6 8]]
RMS&Group: 1.33017834809[[2 2 1 7 1 4 8 8 7 2 2 7 1 7 8 2 1 5 4 4 3 4 8 7 3 3 5 6 8 7 6 7 7 6 8]]
RMS&Group: 1.43530589754[[2 2 1 7 1 4 8 8 8 2 2 7 1 7 8 2 1 5 1 4 7 1 8 7 7 3 5 6 8 7 6 7 7 6 8]]
RMS&Group: 1.65121064451[[5 2 5 7 1 4 4 8 8 2 2 7 1 7 4 2 2 3 1 1 7 1 8 7 7 3 3 3 4 7 3 7 7 6 8]]
RMS&Group: 1.60438084836[[6 2 6 7 5 1 4 8 8 2 2 7 5 8 4 2 2 3 1 1 7 1 4 7 7 3 3 3 4 7 3 8 8 3 8]]
RMS&Group: 1.60709815824[[1 2 1 8 6 5 4 4 8 2 2 7 6 8 4 2 2 3 5 5 7 6 4 7 7 7 3 3 4 7 3 8 8 3 4]]
RMS&Group: 1.35825456547[[2 2 1 8 1 6 5 4 8 2 2 7 1 8 5 2 2 3 6 6 7 6 4 8 7 7 3 3 4 7 3 8 8 3 4]]
RMS&Group: 1.44964317683[[2 2 2 8 1 6 5 5 4 2 2 8 1 8 5 2 2 3 1 6 7 1 5 8 7 7 3 3 4 8 3 8 5 3 4]]
RMS&Group: 1.40657486829[[2 2 2 4 1 1 6 5 4 2 2 8 1 4 6 2 2 3 1 1 8 1 5 8 8 7 3 3 6 8 3 5 5 3 5]]
RMS&Group: 1.45715520796[[2 2 2 4 1 1 6 6 5 2 2 8 1 5 6 2 2 7 1 1 8 1 6 4 8 8 3 3 6 4 3 5 5 3 5]]
RMS&Group: 1.43365519061[[2 2 2 5 1 1 6 6 5 2 2 4 1 5 6 2 2 7 1 1 8 1 6 4 4 8 3 3 6 4 3 5 5 3 6]]
RMS&Group: 1.52311219399[[7 2 2 5 1 1 6 6 5 2 2 4 1 5 6 7 2 8 1 1 4 1 6 4 4 8 8 3 6 4 3 5 5 3 6]]
RMS&Group: 1.41582384115[[2 2 7 5 1 1 6 6 5 2 7 4 1 5 6 7 2 8 1 1 4 1 6 4 4 4 8 3 6 4 3 5 5 3 6]]
RMS&Group: 1.39899708018[[2 2 7 5 7 1 6 6 5 2 2 4 1 5 6 7 7 8 1 1 4 1 6 5 4 4 8 3 6 4 3 5 5 3 6]]
RMS&Group: 1.33017834809[[2 2 7 5 7 1 6 6 5 2 2 5 7 5 6 2 7 8 1 1 4 1 6 5 4 4 8 3 6 5 3 5 5 3 6]]
RMS&Group: 1.43530589754[[2 2 7 5 7 1 6 6 6 2 2 5 7 5 6 2 7 8 7 1 5 7 6 5 5 4 8 3 6 5 3 5 5 3 6]]
RMS&Group: 1.65121064451[[8 2 8 5 7 1 1 6 6 2 2 5 7 5 1 2 2 4 7 7 5 7 6 5 5 4 4 4 1 5 4 5 5 3 6]]
RMS&Group: 1.60438084836[[3 2 3 5 8 7 1 6 6 2 2 5 8 6 1 2 2 4 7 7 5 7 1 5 5 4 4 4 1 5 4 6 6 4 6]]
RMS&Group: 1.60709815824[[7 2 7 6 3 8 1 1 6 2 2 5 3 6 1 2 2 4 8 8 5 3 1 5 5 5 4 4 1 5 4 6 6 4 1]]
RMS&Group: 1.35825456547[[2 2 7 6 7 3 8 1 6 2 2 5 7 6 8 2 2 4 3 3 5 3 1 6 5 5 4 4 1 5 4 6 6 4 1]]
RMS&Group: 1.44964317683[[2 2 2 6 7 3 8 8 1 2 2 6 7 6 8 2 2 4 7 3 5 7 8 6 5 5 4 4 1 6 4 6 8 4 1]]
RMS&Group: 1.40657486829[[2 2 2 1 7 7 3 8 1 2 2 6 7 1 3 2 2 4 7 7 6 7 8 6 6 5 4 4 3 6 4 8 8 4 8]]
RMS&Group: 1.45715520796[[2 2 2 1 7 7 3 3 8 2 2 6 7 8 3 2 2 5 7 7 6 7 3 1 6 6 4 4 3 1 4 8 8 4 8]]
RMS&Group: 1.43365519061[[2 2 2 8 7 7 3 3 8 2 2 1 7 8 3 2 2 5 7 7 6 7 3 1 1 6 4 4 3 1 4 8 8 4 3]]
RMS&Group: 1.52311219399[[5 2 2 8 7 7 3 3 8 2 2 1 7 8 3 5 2 6 7 7 1 7 3 1 1 6 6 4 3 1 4 8 8 4 3]]
RMS&Group: 1.41582384115[[2 2 5 8 7 7 3 3 8 2 5 1 7 8 3 5 2 6 7 7 1 7 3 1 1 1 6 4 3 1 4 8 8 4 3]]
RMS&Group: 1.39899708018[[2 2 5 8 5 7 3 3 8 2 2 1 7 8 3 5 5 6 7 7 1 7 3 8 1 1 6 4 3 1 4 8 8 4 3]]
RMS&Group: 1.33017834809[[2 2 5 8 5 7 3 3 8 2 2 8 5 8 3 2 5 6 7 7 1 7 3 8 1 1 6 4 3 8 4 8 8 4 3]]
RMS&Group: 1.43530589754[[2 2 5 8 5 7 3 3 3 2 2 8 5 8 3 2 5 6 5 7 8 5 3 8 8 1 6 4 3 8 4 8 8 4 3]]
RMS&Group: 1.65121064451[[6 2 6 8 5 7 7 3 3 2 2 8 5 8 7 2 2 1 5 5 8 5 3 8 8 1 1 1 7 8 1 8 8 4 3]]
RMS&Group: 1.60438084836[[4 2 4 8 6 5 7 3 3 2 2 8 6 3 7 2 2 1 5 5 8 5 7 8 8 1 1 1 7 8 1 3 3 1 3]]
RMS&Group: 1.60709815824[[5 2 5 3 4 6 7 7 3 2 2 8 4 3 7 2 2 1 6 6 8 4 7 8 8 8 1 1 7 8 1 3 3 1 7]]
RMS&Group: 1.35825456547[[2 2 5 3 5 4 6 7 3 2 2 8 5 3 6 2 2 1 4 4 8 4 7 3 8 8 1 1 7 8 1 3 3 1 7]]
RMS&Group: 1.44964317683[[2 2 2 3 5 4 6 6 7 2 2 3 5 3 6 2 2 1 5 4 8 5 6 3 8 8 1 1 7 3 1 3 6 1 7]]
RMS&Group: 1.40657486829[[2 2 2 7 5 5 4 6 7 2 2 3 5 7 4 2 2 1 5 5 3 5 6 3 3 8 1 1 4 3 1 6 6 1 6]]
RMS&Group: 1.45715520796[[2 2 2 7 5 5 4 4 6 2 2 3 5 6 4 2 2 8 5 5 3 5 4 7 3 3 1 1 4 7 1 6 6 1 6]]
RMS&Group: 1.43365519061[[2 2 2 6 5 5 4 4 6 2 2 7 5 6 4 2 2 8 5 5 3 5 4 7 7 3 1 1 4 7 1 6 6 1 4]]
RMS&Group: 1.52311219399[[8 2 2 6 5 5 4 4 6 2 2 7 5 6 4 8 2 3 5 5 7 5 4 7 7 3 3 1 4 7 1 6 6 1 4]]
RMS&Group: 1.41582384115[[2 2 8 6 5 5 4 4 6 2 8 7 5 6 4 8 2 3 5 5 7 5 4 7 7 7 3 1 4 7 1 6 6 1 4]]
RMS&Group: 1.39899708018[[2 2 8 6 8 5 4 4 6 2 2 7 5 6 4 8 8 3 5 5 7 5 4 6 7 7 3 1 4 7 1 6 6 1 4]]
RMS&Group: 1.33017834809[[2 2 8 6 8 5 4 4 6 2 2 6 8 6 4 2 8 3 5 5 7 5 4 6 7 7 3 1 4 6 1 6 6 1 4]]
RMS&Group: 1.43530589754[[2 2 8 6 8 5 4 4 4 2 2 6 8 6 4 2 8 3 8 5 6 8 4 6 6 7 3 1 4 6 1 6 6 1 4]]
RMS&Group: 1.65121064451[[3 2 3 6 8 5 5 4 4 2 2 6 8 6 5 2 2 7 8 8 6 8 4 6 6 7 7 7 5 6 7 6 6 1 4]]
RMS&Group: 1.60438084836[[1 2 1 6 3 8 5 4 4 2 2 6 3 4 5 2 2 7 8 8 6 8 5 6 6 7 7 7 5 6 7 4 4 7 4]]
RMS&Group: 1.60709815824[[8 2 8 4 1 3 5 5 4 2 2 6 1 4 5 2 2 7 3 3 6 1 5 6 6 6 7 7 5 6 7 4 4 7 5]]
RMS&Group: 1.35825456547[[2 2 8 4 8 1 3 5 4 2 2 6 8 4 3 2 2 7 1 1 6 1 5 4 6 6 7 7 5 6 7 4 4 7 5]]
RMS&Group: 1.44964317683[[2 2 2 4 8 1 3 3 5 2 2 4 8 4 3 2 2 7 8 1 6 8 3 4 6 6 7 7 5 4 7 4 3 7 5]]
RMS&Group: 1.40657486829[[2 2 2 5 8 8 1 3 5 2 2 4 8 5 1 2 2 7 8 8 4 8 3 4 4 6 7 7 1 4 7 3 3 7 3]]
RMS&Group: 1.45715520796[[2 2 2 5 8 8 1 1 3 2 2 4 8 3 1 2 2 6 8 8 4 8 1 5 4 4 7 7 1 5 7 3 3 7 3]]
RMS&Group: 1.43365519061[[2 2 2 3 8 8 1 1 3 2 2 5 8 3 1 2 2 6 8 8 4 8 1 5 5 4 7 7 1 5 7 3 3 7 1]]
RMS&Group: 1.52311219399[[6 2 2 3 8 8 1 1 3 2 2 5 8 3 1 6 2 4 8 8 5 8 1 5 5 4 4 7 1 5 7 3 3 7 1]]
RMS&Group: 1.41582384115[[2 2 6 3 8 8 1 1 3 2 6 5 8 3 1 6 2 4 8 8 5 8 1 5 5 5 4 7 1 5 7 3 3 7 1]]
RMS&Group: 1.39899708018[[2 2 6 3 6 8 1 1 3 2 2 5 8 3 1 6 6 4 8 8 5 8 1 3 5 5 4 7 1 5 7 3 3 7 1]]
RMS&Group: 1.33017834809[[2 2 6 3 6 8 1 1 3 2 2 3 6 3 1 2 6 4 8 8 5 8 1 3 5 5 4 7 1 3 7 3 3 7 1]]
RMS&Group: 1.43530589754[[2 2 6 3 6 8 1 1 1 2 2 3 6 3 1 2 6 4 6 8 3 6 1 3 3 5 4 7 1 3 7 3 3 7 1]]
RMS&Group: 1.65121064451[[4 2 4 3 6 8 8 1 1 2 2 3 6 3 8 2 2 5 6 6 3 6 1 3 3 5 5 5 8 3 5 3 3 7 1]]
RMS&Group: 1.60438084836[[7 2 7 3 4 6 8 1 1 2 2 3 4 1 8 2 2 5 6 6 3 6 8 3 3 5 5 5 8 3 5 1 1 5 1]]
RMS&Group: 1.60709815824[[6 2 6 1 7 4 8 8 1 2 2 3 7 1 8 2 2 5 4 4 3 7 8 3 3 3 5 5 8 3 5 1 1 5 8]]
RMS&Group: 1.35825456547[[2 2 6 1 6 7 4 8 1 2 2 3 6 1 4 2 2 5 7 7 3 7 8 1 3 3 5 5 8 3 5 1 1 5 8]]
RMS&Group: 1.44964317683[[2 2 2 1 6 7 4 4 8 2 2 1 6 1 4 2 2 5 6 7 3 6 4 1 3 3 5 5 8 1 5 1 4 5 8]]
RMS&Group: 1.40657486829[[2 2 2 8 6 6 7 4 8 2 2 1 6 8 7 2 2 5 6 6 1 6 4 1 1 3 5 5 7 1 5 4 4 5 4]]
RMS&Group: 1.45715520796[[2 2 2 8 6 6 7 7 4 2 2 1 6 4 7 2 2 3 6 6 1 6 7 8 1 1 5 5 7 8 5 4 4 5 4]]
RMS&Group: 1.43365519061[[2 2 2 4 6 6 7 7 4 2 2 8 6 4 7 2 2 3 6 6 1 6 7 8 8 1 5 5 7 8 5 4 4 5 7]]
RMS&Group: 1.52311219399[[3 2 2 4 6 6 7 7 4 2 2 8 6 4 7 3 2 1 6 6 8 6 7 8 8 1 1 5 7 8 5 4 4 5 7]]
RMS&Group: 1.41582384115[[2 2 3 4 6 6 7 7 4 2 3 8 6 4 7 3 2 1 6 6 8 6 7 8 8 8 1 5 7 8 5 4 4 5 7]]
RMS&Group: 1.39899708018[[2 2 3 4 3 6 7 7 4 2 2 8 6 4 7 3 3 1 6 6 8 6 7 4 8 8 1 5 7 8 5 4 4 5 7]]
RMS&Group: 1.33017834809[[2 2 3 4 3 6 7 7 4 2 2 4 3 4 7 2 3 1 6 6 8 6 7 4 8 8 1 5 7 4 5 4 4 5 7]]
RMS&Group: 1.43530589754[[2 2 3 4 3 6 7 7 7 2 2 4 3 4 7 2 3 1 3 6 4 3 7 4 4 8 1 5 7 4 5 4 4 5 7]]
RMS&Group: 1.65121064451[[1 2 1 4 3 6 6 7 7 2 2 4 3 4 6 2 2 8 3 3 4 3 7 4 4 8 8 8 6 4 8 4 4 5 7]]
RMS&Group: 1.60438084836[[5 2 5 4 1 3 6 7 7 2 2 4 1 7 6 2 2 8 3 3 4 3 6 4 4 8 8 8 6 4 8 7 7 8 7]]
RMS&Group: 1.60709815824[[3 2 3 7 5 1 6 6 7 2 2 4 5 7 6 2 2 8 1 1 4 5 6 4 4 4 8 8 6 4 8 7 7 8 6]]
RMS&Group: 1.35825456547[[2 2 3 7 3 5 1 6 7 2 2 4 3 7 1 2 2 8 5 5 4 5 6 7 4 4 8 8 6 4 8 7 7 8 6]]
RMS&Group: 1.44964317683[[2 2 2 7 3 5 1 1 6 2 2 7 3 7 1 2 2 8 3 5 4 3 1 7 4 4 8 8 6 7 8 7 1 8 6]]
RMS&Group: 1.40657486829[[2 2 2 6 3 3 5 1 6 2 2 7 3 6 5 2 2 8 3 3 7 3 1 7 7 4 8 8 5 7 8 1 1 8 1]]
RMS&Group: 1.45715520796[[2 2 2 6 3 3 5 5 1 2 2 7 3 1 5 2 2 4 3 3 7 3 5 6 7 7 8 8 5 6 8 1 1 8 1]]
RMS&Group: 1.43365519061[[2 2 2 1 3 3 5 5 1 2 2 6 3 1 5 2 2 4 3 3 7 3 5 6 6 7 8 8 5 6 8 1 1 8 5]]
RMS&Group: 1.52311219399[[4 2 2 1 3 3 5 5 1 2 2 6 3 1 5 4 2 7 3 3 6 3 5 6 6 7 7 8 5 6 8 1 1 8 5]]
RMS&Group: 1.41582384115[[2 2 4 1 3 3 5 5 1 2 4 6 3 1 5 4 2 7 3 3 6 3 5 6 6 6 7 8 5 6 8 1 1 8 5]]
RMS&Group: 1.39899708018[[2 2 4 1 4 3 5 5 1 2 2 6 3 1 5 4 4 7 3 3 6 3 5 1 6 6 7 8 5 6 8 1 1 8 5]]
RMS&Group: 1.33017834809[[2 2 4 1 4 3 5 5 1 2 2 1 4 1 5 2 4 7 3 3 6 3 5 1 6 6 7 8 5 1 8 1 1 8 5]]
RMS&Group: 1.43530589754[[2 2 4 1 4 3 5 5 5 2 2 1 4 1 5 2 4 7 4 3 1 4 5 1 1 6 7 8 5 1 8 1 1 8 5]]
RMS&Group: 1.65121064451[[7 2 7 1 4 3 3 5 5 2 2 1 4 1 3 2 2 6 4 4 1 4 5 1 1 6 6 6 3 1 6 1 1 8 5]]
RMS&Group: 1.60438084836[[8 2 8 1 7 4 3 5 5 2 2 1 7 5 3 2 2 6 4 4 1 4 3 1 1 6 6 6 3 1 6 5 5 6 5]]
RMS&Group: 1.60709815824[[4 2 4 5 8 7 3 3 5 2 2 1 8 5 3 2 2 6 7 7 1 8 3 1 1 1 6 6 3 1 6 5 5 6 3]]
RMS&Group: 1.35825456547[[2 2 4 5 4 8 7 3 5 2 2 1 4 5 7 2 2 6 8 8 1 8 3 5 1 1 6 6 3 1 6 5 5 6 3]]
RMS&Group: 1.44964317683[[2 2 2 5 4 8 7 7 3 2 2 5 4 5 7 2 2 6 4 8 1 4 7 5 1 1 6 6 3 5 6 5 7 6 3]]
RMS&Group: 1.40657486829[[2 2 2 3 4 4 8 7 3 2 2 5 4 3 8 2 2 6 4 4 5 4 7 5 5 1 6 6 8 5 6 7 7 6 7]]
RMS&Group: 1.45715520796[[2 2 2 3 4 4 8 8 7 2 2 5 4 7 8 2 2 1 4 4 5 4 8 3 5 5 6 6 8 3 6 7 7 6 7]]
RMS&Group: 1.43365519061[[2 2 2 7 4 4 8 8 7 2 2 3 4 7 8 2 2 1 4 4 5 4 8 3 3 5 6 6 8 3 6 7 7 6 8]]
RMS&Group: 1.52311219399[[1 2 2 7 4 4 8 8 7 2 2 3 4 7 8 1 2 5 4 4 3 4 8 3 3 5 5 6 8 3 6 7 7 6 8]]
RMS&Group: 1.41582384115[[2 2 1 7 4 4 8 8 7 2 1 3 4 7 8 1 2 5 4 4 3 4 8 3 3 3 5 6 8 3 6 7 7 6 8]]
RMS&Group: 1.39899708018[[2 2 1 7 1 4 8 8 7 2 2 3 4 7 8 1 1 5 4 4 3 4 8 7 3 3 5 6 8 3 6 7 7 6 8]]
RMS&Group: 1.33017834809[[2 2 1 7 1 4 8 8 7 2 2 7 1 7 8 2 1 5 4 4 3 4 8 7 3 3 5 6 8 7 6 7 7 6 8]]
RMS&Group: 1.43530589754[[2 2 1 7 1 4 8 8 8 2 2 7 1 7 8 2 1 5 1 4 7 1 8 7 7 3 5 6 8 7 6 7 7 6 8]]
RMS&Group: 1.65121064451[[5 2 5 7 1 4 4 8 8 2 2 7 1 7 4 2 2 3 1 1 7 1 8 7 7 3 3 3 4 7 3 7 7 6 8]]
RMS&Group: 1.60438084836[[6 2 6 7 5 1 4 8 8 2 2 7 5 8 4 2 2 3 1 1 7 1 4 7 7 3 3 3 4 7 3 8 8 3 8]]
RMS&Group: 1.60709815824[[1 2 1 8 6 5 4 4 8 2 2 7 6 8 4 2 2 3 5 5 7 6 4 7 7 7 3 3 4 7 3 8 8 3 4]]
RMS&Group: 1.35825456547[[2 2 1 8 1 6 5 4 8 2 2 7 1 8 5 2 2 3 6 6 7 6 4 8 7 7 3 3 4 7 3 8 8 3 4]]
RMS&Group: 1.44964317683[[2 2 2 8 1 6 5 5 4 2 2 8 1 8 5 2 2 3 1 6 7 1 5 8 7 7 3 3 4 8 3 8 5 3 4]]
RMS&Group: 1.40657486829[[2 2 2 4 1 1 6 5 4 2 2 8 1 4 6 2 2 3 1 1 8 1 5 8 8 7 3 3 6 8 3 5 5 3 5]]
RMS&Group: 1.45715520796[[2 2 2 4 1 1 6 6 5 2 2 8 1 5 6 2 2 7 1 1 8 1 6 4 8 8 3 3 6 4 3 5 5 3 5]]
RMS&Group: 1.43365519061[[2 2 2 5 1 1 6 6 5 2 2 4 1 5 6 2 2 7 1 1 8 1 6 4 4 8 3 3 6 4 3 5 5 3 6]]
RMS&Group: 1.52311219399[[7 2 2 5 1 1 6 6 5 2 2 4 1 5 6 7 2 8 1 1 4 1 6 4 4 8 8 3 6 4 3 5 5 3 6]]
RMS&Group: 1.41582384115[[2 2 7 5 1 1 6 6 5 2 7 4 1 5 6 7 2 8 1 1 4 1 6 4 4 4 8 3 6 4 3 5 5 3 6]]
RMS&Group: 1.39899708018[[2 2 7 5 7 1 6 6 5 2 2 4 1 5 6 7 7 8 1 1 4 1 6 5 4 4 8 3 6 4 3 5 5 3 6]]
RMS&Group: 1.33017834809[[2 2 7 5 7 1 6 6 5 2 2 5 7 5 6 2 7 8 1 1 4 1 6 5 4 4 8 3 6 5 3 5 5 3 6]]
RMS&Group: 1.43530589754[[2 2 7 5 7 1 6 6 6 2 2 5 7 5 6 2 7 8 7 1 5 7 6 5 5 4 8 3 6 5 3 5 5 3 6]]
RMS&Group: 1.65121064451[[8 2 8 5 7 1 1 6 6 2 2 5 7 5 1 2 2 4 7 7 5 7 6 5 5 4 4 4 1 5 4 5 5 3 6]]
RMS&Group: 1.60438084836[[3 2 3 5 8 7 1 6 6 2 2 5 8 6 1 2 2 4 7 7 5 7 1 5 5 4 4 4 1 5 4 6 6 4 6]]
RMS&Group: 1.60709815824[[7 2 7 6 3 8 1 1 6 2 2 5 3 6 1 2 2 4 8 8 5 3 1 5 5 5 4 4 1 5 4 6 6 4 1]]
RMS&Group: 1.35825456547[[2 2 7 6 7 3 8 1 6 2 2 5 7 6 8 2 2 4 3 3 5 3 1 6 5 5 4 4 1 5 4 6 6 4 1]]
RMS&Group: 1.44964317683[[2 2 2 6 7 3 8 8 1 2 2 6 7 6 8 2 2 4 7 3 5 7 8 6 5 5 4 4 1 6 4 6 8 4 1]]
RMS&Group: 1.40657486829[[2 2 2 1 7 7 3 8 1 2 2 6 7 1 3 2 2 4 7 7 6 7 8 6 6 5 4 4 3 6 4 8 8 4 8]]
RMS&Group: 1.45715520796[[2 2 2 1 7 7 3 3 8 2 2 6 7 8 3 2 2 5 7 7 6 7 3 1 6 6 4 4 3 1 4 8 8 4 8]]
RMS&Group: 1.43365519061[[2 2 2 8 7 7 3 3 8 2 2 1 7 8 3 2 2 5 7 7 6 7 3 1 1 6 4 4 3 1 4 8 8 4 3]]
RMS&Group: 1.52311219399[[5 2 2 8 7 7 3 3 8 2 2 1 7 8 3 5 2 6 7 7 1 7 3 1 1 6 6 4 3 1 4 8 8 4 3]]
RMS&Group: 1.41582384115[[2 2 5 8 7 7 3 3 8 2 5 1 7 8 3 5 2 6 7 7 1 7 3 1 1 1 6 4 3 1 4 8 8 4 3]]
RMS&Group: 1.39899708018[[2 2 5 8 5 7 3 3 8 2 2 1 7 8 3 5 5 6 7 7 1 7 3 8 1 1 6 4 3 1 4 8 8 4 3]]
RMS&Group: 1.33017834809[[2 2 5 8 5 7 3 3 8 2 2 8 5 8 3 2 5 6 7 7 1 7 3 8 1 1 6 4 3 8 4 8 8 4 3]]
RMS&Group: 1.43530589754[[2 2 5 8 5 7 3 3 3 2 2 8 5 8 3 2 5 6 5 7 8 5 3 8 8 1 6 4 3 8 4 8 8 4 3]]
RMS&Group: 1.65121064451[[6 2 6 8 5 7 7 3 3 2 2 8 5 8 7 2 2 1 5 5 8 5 3 8 8 1 1 1 7 8 1 8 8 4 3]]
RMS&Group: 1.60438084836[[4 2 4 8 6 5 7 3 3 2 2 8 6 3 7 2 2 1 5 5 8 5 7 8 8 1 1 1 7 8 1 3 3 1 3]]
RMS&Group: 1.60709815824[[5 2 5 3 4 6 7 7 3 2 2 8 4 3 7 2 2 1 6 6 8 4 7 8 8 8 1 1 7 8 1 3 3 1 7]]
RMS&Group: 1.35825456547[[2 2 5 3 5 4 6 7 3 2 2 8 5 3 6 2 2 1 4 4 8 4 7 3 8 8 1 1 7 8 1 3 3 1 7]]
RMS&Group: 1.44964317683[[2 2 2 3 5 4 6 6 7 2 2 3 5 3 6 2 2 1 5 4 8 5 6 3 8 8 1 1 7 3 1 3 6 1 7]]
RMS&Group: 1.40657486829[[2 2 2 7 5 5 4 6 7 2 2 3 5 7 4 2 2 1 5 5 3 5 6 3 3 8 1 1 4 3 1 6 6 1 6]]
RMS&Group: 1.45715520796[[2 2 2 7 5 5 4 4 6 2 2 3 5 6 4 2 2 8 5 5 3 5 4 7 3 3 1 1 4 7 1 6 6 1 6]]
RMS&Group: 1.43365519061[[2 2 2 6 5 5 4 4 6 2 2 7 5 6 4 2 2 8 5 5 3 5 4 7 7 3 1 1 4 7 1 6 6 1 4]]
RMS&Group: 1.52311219399[[8 2 2 6 5 5 4 4 6 2 2 7 5 6 4 8 2 3 5 5 7 5 4 7 7 3 3 1 4 7 1 6 6 1 4]]
RMS&Group: 1.41582384115[[2 2 8 6 5 5 4 4 6 2 8 7 5 6 4 8 2 3 5 5 7 5 4 7 7 7 3 1 4 7 1 6 6 1 4]]
RMS&Group: 1.39899708018[[2 2 8 6 8 5 4 4 6 2 2 7 5 6 4 8 8 3 5 5 7 5 4 6 7 7 3 1 4 7 1 6 6 1 4]]
RMS&Group: 1.33017834809[[2 2 8 6 8 5 4 4 6 2 2 6 8 6 4 2 8 3 5 5 7 5 4 6 7 7 3 1 4 6 1 6 6 1 4]]
RMS&Group: 1.43530589754[[2 2 8 6 8 5 4 4 4 2 2 6 8 6 4 2 8 3 8 5 6 8 4 6 6 7 3 1 4 6 1 6 6 1 4]]
RMS&Group: 1.65121064451[[3 2 3 6 8 5 5 4 4 2 2 6 8 6 5 2 2 7 8 8 6 8 4 6 6 7 7 7 5 6 7 6 6 1 4]]
RMS&Group: 1.60438084836[[1 2 1 6 3 8 5 4 4 2 2 6 3 4 5 2 2 7 8 8 6 8 5 6 6 7 7 7 5 6 7 4 4 7 4]]
RMS&Group: 1.60709815824[[8 2 8 4 1 3 5 5 4 2 2 6 1 4 5 2 2 7 3 3 6 1 5 6 6 6 7 7 5 6 7 4 4 7 5]]
RMS&Group: 1.35825456547[[2 2 8 4 8 1 3 5 4 2 2 6 8 4 3 2 2 7 1 1 6 1 5 4 6 6 7 7 5 6 7 4 4 7 5]]
RMS&Group: 1.44964317683[[2 2 2 4 8 1 3 3 5 2 2 4 8 4 3 2 2 7 8 1 6 8 3 4 6 6 7 7 5 4 7 4 3 7 5]]
RMS&Group: 1.40657486829[[2 2 2 5 8 8 1 3 5 2 2 4 8 5 1 2 2 7 8 8 4 8 3 4 4 6 7 7 1 4 7 3 3 7 3]]
RMS&Group: 1.45715520796[[2 2 2 5 8 8 1 1 3 2 2 4 8 3 1 2 2 6 8 8 4 8 1 5 4 4 7 7 1 5 7 3 3 7 3]]
RMS&Group: 1.43365519061[[2 2 2 3 8 8 1 1 3 2 2 5 8 3 1 2 2 6 8 8 4 8 1 5 5 4 7 7 1 5 7 3 3 7 1]]
RMS&Group: 1.52311219399[[6 2 2 3 8 8 1 1 3 2 2 5 8 3 1 6 2 4 8 8 5 8 1 5 5 4 4 7 1 5 7 3 3 7 1]]
RMS&Group: 1.41582384115[[2 2 6 3 8 8 1 1 3 2 6 5 8 3 1 6 2 4 8 8 5 8 1 5 5 5 4 7 1 5 7 3 3 7 1]]
RMS&Group: 1.39899708018[[2 2 6 3 6 8 1 1 3 2 2 5 8 3 1 6 6 4 8 8 5 8 1 3 5 5 4 7 1 5 7 3 3 7 1]]
RMS&Group: 1.33017834809[[2 2 6 3 6 8 1 1 3 2 2 3 6 3 1 2 6 4 8 8 5 8 1 3 5 5 4 7 1 3 7 3 3 7 1]]
RMS&Group: 1.43530589754[[2 2 6 3 6 8 1 1 1 2 2 3 6 3 1 2 6 4 6 8 3 6 1 3 3 5 4 7 1 3 7 3 3 7 1]]
RMS&Group: 1.65121064451[[4 2 4 3 6 8 8 1 1 2 2 3 6 3 8 2 2 5 6 6 3 6 1 3 3 5 5 5 8 3 5 3 3 7 1]]
RMS&Group: 1.60438084836[[7 2 7 3 4 6 8 1 1 2 2 3 4 1 8 2 2 5 6 6 3 6 8 3 3 5 5 5 8 3 5 1 1 5 1]]
RMS&Group: 1.60709815824[[6 2 6 1 7 4 8 8 1 2 2 3 7 1 8 2 2 5 4 4 3 7 8 3 3 3 5 5 8 3 5 1 1 5 8]]
RMS&Group: 1.35825456547[[2 2 6 1 6 7 4 8 1 2 2 3 6 1 4 2 2 5 7 7 3 7 8 1 3 3 5 5 8 3 5 1 1 5 8]]
RMS&Group: 1.44964317683[[2 2 2 1 6 7 4 4 8 2 2 1 6 1 4 2 2 5 6 7 3 6 4 1 3 3 5 5 8 1 5 1 4 5 8]]
RMS&Group: 1.40657486829[[2 2 2 8 6 6 7 4 8 2 2 1 6 8 7 2 2 5 6 6 1 6 4 1 1 3 5 5 7 1 5 4 4 5 4]]
RMS&Group: 1.45715520796[[2 2 2 8 6 6 7 7 4 2 2 1 6 4 7 2 2 3 6 6 1 6 7 8 1 1 5 5 7 8 5 4 4 5 4]]
RMS&Group: 1.43365519061[[2 2 2 4 6 6 7 7 4 2 2 8 6 4 7 2 2 3 6 6 1 6 7 8 8 1 5 5 7 8 5 4 4 5 7]]
RMS&Group: 1.52311219399[[3 2 2 4 6 6 7 7 4 2 2 8 6 4 7 3 2 1 6 6 8 6 7 8 8 1 1 5 7 8 5 4 4 5 7]]
RMS&Group: 1.41582384115[[2 2 3 4 6 6 7 7 4 2 3 8 6 4 7 3 2 1 6 6 8 6 7 8 8 8 1 5 7 8 5 4 4 5 7]]
RMS&Group: 1.39899708018[[2 2 3 4 3 6 7 7 4 2 2 8 6 4 7 3 3 1 6 6 8 6 7 4 8 8 1 5 7 8 5 4 4 5 7]]
RMS&Group: 1.33017834809[[2 2 3 4 3 6 7 7 4 2 2 4 3 4 7 2 3 1 6 6 8 6 7 4 8 8 1 5 7 4 5 4 4 5 7]]
RMS&Group: 1.43530589754[[2 2 3 4 3 6 7 7 7 2 2 4 3 4 7 2 3 1 3 6 4 3 7 4 4 8 1 5 7 4 5 4 4 5 7]]
RMS&Group: 1.65121064451[[1 2 1 4 3 6 6 7 7 2 2 4 3 4 6 2 2 8 3 3 4 3 7 4 4 8 8 8 6 4 8 4 4 5 7]]
RMS&Group: 1.60438084836[[5 2 5 4 1 3 6 7 7 2 2 4 1 7 6 2 2 8 3 3 4 3 6 4 4 8 8 8 6 4 8 7 7 8 7]]
RMS&Group: 1.60709815824[[3 2 3 7 5 1 6 6 7 2 2 4 5 7 6 2 2 8 1 1 4 5 6 4 4 4 8 8 6 4 8 7 7 8 6]]
RMS&Group: 1.35825456547[[2 2 3 7 3 5 1 6 7 2 2 4 3 7 1 2 2 8 5 5 4 5 6 7 4 4 8 8 6 4 8 7 7 8 6]]
RMS&Group: 1.44964317683[[2 2 2 7 3 5 1 1 6 2 2 7 3 7 1 2 2 8 3 5 4 3 1 7 4 4 8 8 6 7 8 7 1 8 6]]
RMS&Group: 1.40657486829[[2 2 2 6 3 3 5 1 6 2 2 7 3 6 5 2 2 8 3 3 7 3 1 7 7 4 8 8 5 7 8 1 1 8 1]]
RMS&Group: 1.45715520796[[2 2 2 6 3 3 5 5 1 2 2 7 3 1 5 2 2 4 3 3 7 3 5 6 7 7 8 8 5 6 8 1 1 8 1]]
RMS&Group: 1.43365519061[[2 2 2 1 3 3 5 5 1 2 2 6 3 1 5 2 2 4 3 3 7 3 5 6 6 7 8 8 5 6 8 1 1 8 5]]
RMS&Group: 1.52311219399[[4 2 2 1 3 3 5 5 1 2 2 6 3 1 5 4 2 7 3 3 6 3 5 6 6 7 7 8 5 6 8 1 1 8 5]]
RMS&Group: 1.41582384115[[2 2 4 1 3 3 5 5 1 2 4 6 3 1 5 4 2 7 3 3 6 3 5 6 6 6 7 8 5 6 8 1 1 8 5]]
RMS&Group: 1.39899708018[[2 2 4 1 4 3 5 5 1 2 2 6 3 1 5 4 4 7 3 3 6 3 5 1 6 6 7 8 5 6 8 1 1 8 5]]
RMS&Group: 1.33017834809[[2 2 4 1 4 3 5 5 1 2 2 1 4 1 5 2 4 7 3 3 6 3 5 1 6 6 7 8 5 1 8 1 1 8 5]]
RMS&Group: 1.43530589754[[2 2 4 1 4 3 5 5 5 2 2 1 4 1 5 2 4 7 4 3 1 4 5 1 1 6 7 8 5 1 8 1 1 8 5]]
RMS&Group: 1.65121064451[[7 2 7 1 4 3 3 5 5 2 2 1 4 1 3 2 2 6 4 4 1 4 5 1 1 6 6 6 3 1 6 1 1 8 5]]
RMS&Group: 1.60438084836[[8 2 8 1 7 4 3 5 5 2 2 1 7 5 3 2 2 6 4 4 1 4 3 1 1 6 6 6 3 1 6 5 5 6 5]]
RMS&Group: 1.60709815824[[4 2 4 5 8 7 3 3 5 2 2 1 8 5 3 2 2 6 7 7 1 8 3 1 1 1 6 6 3 1 6 5 5 6 3]]
RMS&Group: 1.35825456547[[2 2 4 5 4 8 7 3 5 2 2 1 4 5 7 2 2 6 8 8 1 8 3 5 1 1 6 6 3 1 6 5 5 6 3]]
RMS&Group: 1.44964317683[[2 2 2 5 4 8 7 7 3 2 2 5 4 5 7 2 2 6 4 8 1 4 7 5 1 1 6 6 3 5 6 5 7 6 3]]
RMS&Group: 1.40657486829[[2 2 2 3 4 4 8 7 3 2 2 5 4 3 8 2 2 6 4 4 5 4 7 5 5 1 6 6 8 5 6 7 7 6 7]]
RMS&Group: 1.45715520796[[2 2 2 3 4 4 8 8 7 2 2 5 4 7 8 2 2 1 4 4 5 4 8 3 5 5 6 6 8 3 6 7 7 6 7]]
RMS&Group: 1.43365519061[[2 2 2 7 4 4 8 8 7 2 2 3 4 7 8 2 2 1 4 4 5 4 8 3 3 5 6 6 8 3 6 7 7 6 8]]
RMS&Group: 1.52311219399[[1 2 2 7 4 4 8 8 7 2 2 3 4 7 8 1 2 5 4 4 3 4 8 3 3 5 5 6 8 3 6 7 7 6 8]]
RMS&Group: 1.41582384115[[2 2 1 7 4 4 8 8 7 2 1 3 4 7 8 1 2 5 4 4 3 4 8 3 3 3 5 6 8 3 6 7 7 6 8]]
RMS&Group: 1.39899708018[[2 2 1 7 1 4 8 8 7 2 2 3 4 7 8 1 1 5 4 4 3 4 8 7 3 3 5 6 8 3 6 7 7 6 8]]
RMS&Group: 1.33017834809[[2 2 1 7 1 4 8 8 7 2 2 7 1 7 8 2 1 5 4 4 3 4 8 7 3 3 5 6 8 7 6 7 7 6 8]]
RMS&Group: 1.43530589754[[2 2 1 7 1 4 8 8 8 2 2 7 1 7 8 2 1 5 1 4 7 1 8 7 7 3 5 6 8 7 6 7 7 6 8]]
RMS&Group: 1.65121064451[[5 2 5 7 1 4 4 8 8 2 2 7 1 7 4 2 2 3 1 1 7 1 8 7 7 3 3 3 4 7 3 7 7 6 8]]
RMS&Group: 1.60438084836[[6 2 6 7 5 1 4 8 8 2 2 7 5 8 4 2 2 3 1 1 7 1 4 7 7 3 3 3 4 7 3 8 8 3 8]]
RMS&Group: 1.60709815824[[1 2 1 8 6 5 4 4 8 2 2 7 6 8 4 2 2 3 5 5 7 6 4 7 7 7 3 3 4 7 3 8 8 3 4]]
RMS&Group: 1.35825456547[[2 2 1 8 1 6 5 4 8 2 2 7 1 8 5 2 2 3 6 6 7 6 4 8 7 7 3 3 4 7 3 8 8 3 4]]
RMS&Group: 1.44964317683[[2 2 2 8 1 6 5 5 4 2 2 8 1 8 5 2 2 3 1 6 7 1 5 8 7 7 3 3 4 8 3 8 5 3 4]]
RMS&Group: 1.40657486829[[2 2 2 4 1 1 6 5 4 2 2 8 1 4 6 2 2 3 1 1 8 1 5 8 8 7 3 3 6 8 3 5 5 3 5]]
RMS&Group: 1.45715520796[[2 2 2 4 1 1 6 6 5 2 2 8 1 5 6 2 2 7 1 1 8 1 6 4 8 8 3 3 6 4 3 5 5 3 5]]
RMS&Group: 1.43365519061[[2 2 2 5 1 1 6 6 5 2 2 4 1 5 6 2 2 7 1 1 8 1 6 4 4 8 3 3 6 4 3 5 5 3 6]]
RMS&Group: 1.52311219399[[7 2 2 5 1 1 6 6 5 2 2 4 1 5 6 7 2 8 1 1 4 1 6 4 4 8 8 3 6 4 3 5 5 3 6]]
RMS&Group: 1.41582384115[[2 2 7 5 1 1 6 6 5 2 7 4 1 5 6 7 2 8 1 1 4 1 6 4 4 4 8 3 6 4 3 5 5 3 6]]
RMS&Group: 1.39899708018[[2 2 7 5 7 1 6 6 5 2 2 4 1 5 6 7 7 8 1 1 4 1 6 5 4 4 8 3 6 4 3 5 5 3 6]]
RMS&Group: 1.33017834809[[2 2 7 5 7 1 6 6 5 2 2 5 7 5 6 2 7 8 1 1 4 1 6 5 4 4 8 3 6 5 3 5 5 3 6]]
RMS&Group: 1.43530589754[[2 2 7 5 7 1 6 6 6 2 2 5 7 5 6 2 7 8 7 1 5 7 6 5 5 4 8 3 6 5 3 5 5 3 6]]
RMS&Group: 1.65121064451[[8 2 8 5 7 1 1 6 6 2 2 5 7 5 1 2 2 4 7 7 5 7 6 5 5 4 4 4 1 5 4 5 5 3 6]]
RMS&Group: 1.60438084836[[3 2 3 5 8 7 1 6 6 2 2 5 8 6 1 2 2 4 7 7 5 7 1 5 5 4 4 4 1 5 4 6 6 4 6]]
RMS&Group: 1.60709815824[[7 2 7 6 3 8 1 1 6 2 2 5 3 6 1 2 2 4 8 8 5 3 1 5 5 5 4 4 1 5 4 6 6 4 1]]
RMS&Group: 1.35825456547[[2 2 7 6 7 3 8 1 6 2 2 5 7 6 8 2 2 4 3 3 5 3 1 6 5 5 4 4 1 5 4 6 6 4 1]]
RMS&Group: 1.44964317683[[2 2 2 6 7 3 8 8 1 2 2 6 7 6 8 2 2 4 7 3 5 7 8 6 5 5 4 4 1 6 4 6 8 4 1]]
RMS&Group: 1.40657486829[[2 2 2 1 7 7 3 8 1 2 2 6 7 1 3 2 2 4 7 7 6 7 8 6 6 5 4 4 3 6 4 8 8 4 8]]
RMS&Group: 1.45715520796[[2 2 2 1 7 7 3 3 8 2 2 6 7 8 3 2 2 5 7 7 6 7 3 1 6 6 4 4 3 1 4 8 8 4 8]]
RMS&Group: 1.43365519061[[2 2 2 8 7 7 3 3 8 2 2 1 7 8 3 2 2 5 7 7 6 7 3 1 1 6 4 4 3 1 4 8 8 4 3]]
RMS&Group: 1.52311219399[[5 2 2 8 7 7 3 3 8 2 2 1 7 8 3 5 2 6 7 7 1 7 3 1 1 6 6 4 3 1 4 8 8 4 3]]
RMS&Group: 1.41582384115[[2 2 5 8 7 7 3 3 8 2 5 1 7 8 3 5 2 6 7 7 1 7 3 1 1 1 6 4 3 1 4 8 8 4 3]]
RMS&Group: 1.39899708018[[2 2 5 8 5 7 3 3 8 2 2 1 7 8 3 5 5 6 7 7 1 7 3 8 1 1 6 4 3 1 4 8 8 4 3]]
RMS&Group: 1.33017834809[[2 2 5 8 5 7 3 3 8 2 2 8 5 8 3 2 5 6 7 7 1 7 3 8 1 1 6 4 3 8 4 8 8 4 3]]
RMS&Group: 1.43530589754[[2 2 5 8 5 7 3 3 3 2 2 8 5 8 3 2 5 6 5 7 8 5 3 8 8 1 6 4 3 8 4 8 8 4 3]]
RMS&Group: 1.65121064451[[6 2 6 8 5 7 7 3 3 2 2 8 5 8 7 2 2 1 5 5 8 5 3 8 8 1 1 1 7 8 1 8 8 4 3]]
RMS&Group: 1.60438084836[[4 2 4 8 6 5 7 3 3 2 2 8 6 3 7 2 2 1 5 5 8 5 7 8 8 1 1 1 7 8 1 3 3 1 3]]
RMS&Group: 1.60709815824[[5 2 5 3 4 6 7 7 3 2 2 8 4 3 7 2 2 1 6 6 8 4 7 8 8 8 1 1 7 8 1 3 3 1 7]]
RMS&Group: 1.35825456547[[2 2 5 3 5 4 6 7 3 2 2 8 5 3 6 2 2 1 4 4 8 4 7 3 8 8 1 1 7 8 1 3 3 1 7]]
RMS&Group: 1.44964317683[[2 2 2 3 5 4 6 6 7 2 2 3 5 3 6 2 2 1 5 4 8 5 6 3 8 8 1 1 7 3 1 3 6 1 7]]
Best Min RMS before changing MINRMS: 1.2527916408
RMS&Group: 1.40657486829[[2 2 2 7 5 5 4 6 7 2 2 3 5 7 4 2 2 1 5 5 3 5 6 3 3 8 1 1 4 3 1 6 6 1 6]]
New Min RMS: 1.40657486829
RMS&Group: 1.45715520796[[2 2 2 7 5 5 4 4 6 2 2 3 5 6 4 2 2 8 5 5 3 5 4 7 3 3 1 1 4 7 1 6 6 1 6]]
RMS&Group: 1.43365519061[[2 2 2 6 5 5 4 4 6 2 2 7 5 6 4 2 2 8 5 5 3 5 4 7 7 3 1 1 4 7 1 6 6 1 4]]
RMS&Group: 1.52311219399[[8 2 2 6 5 5 4 4 6 2 2 7 5 6 4 8 2 3 5 5 7 5 4 7 7 3 3 1 4 7 1 6 6 1 4]]
RMS&Group: 1.41582384115[[2 2 8 6 5 5 4 4 6 2 8 7 5 6 4 8 2 3 5 5 7 5 4 7 7 7 3 1 4 7 1 6 6 1 4]]
RMS&Group: 1.39899708018[[2 2 8 6 8 5 4 4 6 2 2 7 5 6 4 8 8 3 5 5 7 5 4 6 7 7 3 1 4 7 1 6 6 1 4]]
New Min RMS: 1.39899708018
RMS&Group: 1.33017834809[[2 2 8 6 8 5 4 4 6 2 2 6 8 6 4 2 8 3 5 5 7 5 4 6 7 7 3 1 4 6 1 6 6 1 4]]
New Min RMS: 1.33017834809
RMS&Group: 1.43530589754[[2 2 8 6 8 5 4 4 4 2 2 6 8 6 4 2 8 3 8 5 6 8 4 6 6 7 3 1 4 6 1 6 6 1 4]]
RMS&Group: 1.65121064451[[3 2 3 6 8 5 5 4 4 2 2 6 8 6 5 2 2 7 8 8 6 8 4 6 6 7 7 7 5 6 7 6 6 1 4]]
RMS&Group: 1.60438084836[[1 2 1 6 3 8 5 4 4 2 2 6 3 4 5 2 2 7 8 8 6 8 5 6 6 7 7 7 5 6 7 4 4 7 4]]
RMS&Group: 1.60709815824[[8 2 8 4 1 3 5 5 4 2 2 6 1 4 5 2 2 7 3 3 6 1 5 6 6 6 7 7 5 6 7 4 4 7 5]]
RMS&Group: 1.35825456547[[2 2 8 4 8 1 3 5 4 2 2 6 8 4 3 2 2 7 1 1 6 1 5 4 6 6 7 7 5 6 7 4 4 7 5]]
RMS&Group: 1.44964317683[[2 2 2 4 8 1 3 3 5 2 2 4 8 4 3 2 2 7 8 1 6 8 3 4 6 6 7 7 5 4 7 4 3 7 5]]
RMS&Group: 1.40657486829[[2 2 2 5 8 8 1 3 5 2 2 4 8 5 1 2 2 7 8 8 4 8 3 4 4 6 7 7 1 4 7 3 3 7 3]]
RMS&Group: 1.45715520796[[2 2 2 5 8 8 1 1 3 2 2 4 8 3 1 2 2 6 8 8 4 8 1 5 4 4 7 7 1 5 7 3 3 7 3]]
RMS&Group: 1.43365519061[[2 2 2 3 8 8 1 1 3 2 2 5 8 3 1 2 2 6 8 8 4 8 1 5 5 4 7 7 1 5 7 3 3 7 1]]
RMS&Group: 1.52311219399[[6 2 2 3 8 8 1 1 3 2 2 5 8 3 1 6 2 4 8 8 5 8 1 5 5 4 4 7 1 5 7 3 3 7 1]]
RMS&Group: 1.41582384115[[2 2 6 3 8 8 1 1 3 2 6 5 8 3 1 6 2 4 8 8 5 8 1 5 5 5 4 7 1 5 7 3 3 7 1]]
RMS&Group: 1.39899708018[[2 2 6 3 6 8 1 1 3 2 2 5 8 3 1 6 6 4 8 8 5 8 1 3 5 5 4 7 1 5 7 3 3 7 1]]
RMS&Group: 1.33017834809[[2 2 6 3 6 8 1 1 3 2 2 3 6 3 1 2 6 4 8 8 5 8 1 3 5 5 4 7 1 3 7 3 3 7 1]]
RMS&Group: 1.43530589754[[2 2 6 3 6 8 1 1 1 2 2 3 6 3 1 2 6 4 6 8 3 6 1 3 3 5 4 7 1 3 7 3 3 7 1]]
RMS&Group: 1.65121064451[[4 2 4 3 6 8 8 1 1 2 2 3 6 3 8 2 2 5 6 6 3 6 1 3 3 5 5 5 8 3 5 3 3 7 1]]
RMS&Group: 1.60438084836[[7 2 7 3 4 6 8 1 1 2 2 3 4 1 8 2 2 5 6 6 3 6 8 3 3 5 5 5 8 3 5 1 1 5 1]]
RMS&Group: 1.60709815824[[6 2 6 1 7 4 8 8 1 2 2 3 7 1 8 2 2 5 4 4 3 7 8 3 3 3 5 5 8 3 5 1 1 5 8]]
RMS&Group: 1.35825456547[[2 2 6 1 6 7 4 8 1 2 2 3 6 1 4 2 2 5 7 7 3 7 8 1 3 3 5 5 8 3 5 1 1 5 8]]
RMS&Group: 1.44964317683[[2 2 2 1 6 7 4 4 8 2 2 1 6 1 4 2 2 5 6 7 3 6 4 1 3 3 5 5 8 1 5 1 4 5 8]]
RMS&Group: 1.40657486829[[2 2 2 8 6 6 7 4 8 2 2 1 6 8 7 2 2 5 6 6 1 6 4 1 1 3 5 5 7 1 5 4 4 5 4]]
RMS&Group: 1.45715520796[[2 2 2 8 6 6 7 7 4 2 2 1 6 4 7 2 2 3 6 6 1 6 7 8 1 1 5 5 7 8 5 4 4 5 4]]
RMS&Group: 1.43365519061[[2 2 2 4 6 6 7 7 4 2 2 8 6 4 7 2 2 3 6 6 1 6 7 8 8 1 5 5 7 8 5 4 4 5 7]]
RMS&Group: 1.52311219399[[3 2 2 4 6 6 7 7 4 2 2 8 6 4 7 3 2 1 6 6 8 6 7 8 8 1 1 5 7 8 5 4 4 5 7]]
RMS&Group: 1.41582384115[[2 2 3 4 6 6 7 7 4 2 3 8 6 4 7 3 2 1 6 6 8 6 7 8 8 8 1 5 7 8 5 4 4 5 7]]
RMS&Group: 1.39899708018[[2 2 3 4 3 6 7 7 4 2 2 8 6 4 7 3 3 1 6 6 8 6 7 4 8 8 1 5 7 8 5 4 4 5 7]]
RMS&Group: 1.33017834809[[2 2 3 4 3 6 7 7 4 2 2 4 3 4 7 2 3 1 6 6 8 6 7 4 8 8 1 5 7 4 5 4 4 5 7]]
RMS&Group: 1.43530589754[[2 2 3 4 3 6 7 7 7 2 2 4 3 4 7 2 3 1 3 6 4 3 7 4 4 8 1 5 7 4 5 4 4 5 7]]
RMS&Group: 1.65121064451[[1 2 1 4 3 6 6 7 7 2 2 4 3 4 6 2 2 8 3 3 4 3 7 4 4 8 8 8 6 4 8 4 4 5 7]]
RMS&Group: 1.60438084836[[5 2 5 4 1 3 6 7 7 2 2 4 1 7 6 2 2 8 3 3 4 3 6 4 4 8 8 8 6 4 8 7 7 8 7]]
RMS&Group: 1.60709815824[[3 2 3 7 5 1 6 6 7 2 2 4 5 7 6 2 2 8 1 1 4 5 6 4 4 4 8 8 6 4 8 7 7 8 6]]
RMS&Group: 1.35825456547[[2 2 3 7 3 5 1 6 7 2 2 4 3 7 1 2 2 8 5 5 4 5 6 7 4 4 8 8 6 4 8 7 7 8 6]]
RMS&Group: 1.44964317683[[2 2 2 7 3 5 1 1 6 2 2 7 3 7 1 2 2 8 3 5 4 3 1 7 4 4 8 8 6 7 8 7 1 8 6]]
RMS&Group: 1.40657486829[[2 2 2 6 3 3 5 1 6 2 2 7 3 6 5 2 2 8 3 3 7 3 1 7 7 4 8 8 5 7 8 1 1 8 1]]
RMS&Group: 1.45715520796[[2 2 2 6 3 3 5 5 1 2 2 7 3 1 5 2 2 4 3 3 7 3 5 6 7 7 8 8 5 6 8 1 1 8 1]]
RMS&Group: 1.43365519061[[2 2 2 1 3 3 5 5 1 2 2 6 3 1 5 2 2 4 3 3 7 3 5 6 6 7 8 8 5 6 8 1 1 8 5]]
RMS&Group: 1.52311219399[[4 2 2 1 3 3 5 5 1 2 2 6 3 1 5 4 2 7 3 3 6 3 5 6 6 7 7 8 5 6 8 1 1 8 5]]
RMS&Group: 1.41582384115[[2 2 4 1 3 3 5 5 1 2 4 6 3 1 5 4 2 7 3 3 6 3 5 6 6 6 7 8 5 6 8 1 1 8 5]]
RMS&Group: 1.39899708018[[2 2 4 1 4 3 5 5 1 2 2 6 3 1 5 4 4 7 3 3 6 3 5 1 6 6 7 8 5 6 8 1 1 8 5]]
RMS&Group: 1.33017834809[[2 2 4 1 4 3 5 5 1 2 2 1 4 1 5 2 4 7 3 3 6 3 5 1 6 6 7 8 5 1 8 1 1 8 5]]
RMS&Group: 1.43530589754[[2 2 4 1 4 3 5 5 5 2 2 1 4 1 5 2 4 7 4 3 1 4 5 1 1 6 7 8 5 1 8 1 1 8 5]]
RMS&Group: 1.65121064451[[7 2 7 1 4 3 3 5 5 2 2 1 4 1 3 2 2 6 4 4 1 4 5 1 1 6 6 6 3 1 6 1 1 8 5]]
RMS&Group: 1.60438084836[[8 2 8 1 7 4 3 5 5 2 2 1 7 5 3 2 2 6 4 4 1 4 3 1 1 6 6 6 3 1 6 5 5 6 5]]
RMS&Group: 1.60709815824[[4 2 4 5 8 7 3 3 5 2 2 1 8 5 3 2 2 6 7 7 1 8 3 1 1 1 6 6 3 1 6 5 5 6 3]]
RMS&Group: 1.35825456547[[2 2 4 5 4 8 7 3 5 2 2 1 4 5 7 2 2 6 8 8 1 8 3 5 1 1 6 6 3 1 6 5 5 6 3]]
RMS&Group: 1.44964317683[[2 2 2 5 4 8 7 7 3 2 2 5 4 5 7 2 2 6 4 8 1 4 7 5 1 1 6 6 3 5 6 5 7 6 3]]
RMS&Group: 1.40657486829[[2 2 2 3 4 4 8 7 3 2 2 5 4 3 8 2 2 6 4 4 5 4 7 5 5 1 6 6 8 5 6 7 7 6 7]]
RMS&Group: 1.45715520796[[2 2 2 3 4 4 8 8 7 2 2 5 4 7 8 2 2 1 4 4 5 4 8 3 5 5 6 6 8 3 6 7 7 6 7]]
RMS&Group: 1.43365519061[[2 2 2 7 4 4 8 8 7 2 2 3 4 7 8 2 2 1 4 4 5 4 8 3 3 5 6 6 8 3 6 7 7 6 8]]
RMS&Group: 1.52311219399[[1 2 2 7 4 4 8 8 7 2 2 3 4 7 8 1 2 5 4 4 3 4 8 3 3 5 5 6 8 3 6 7 7 6 8]]
RMS&Group: 1.41582384115[[2 2 1 7 4 4 8 8 7 2 1 3 4 7 8 1 2 5 4 4 3 4 8 3 3 3 5 6 8 3 6 7 7 6 8]]
RMS&Group: 1.39899708018[[2 2 1 7 1 4 8 8 7 2 2 3 4 7 8 1 1 5 4 4 3 4 8 7 3 3 5 6 8 3 6 7 7 6 8]]
RMS&Group: 1.33017834809[[2 2 1 7 1 4 8 8 7 2 2 7 1 7 8 2 1 5 4 4 3 4 8 7 3 3 5 6 8 7 6 7 7 6 8]]
RMS&Group: 1.43530589754[[2 2 1 7 1 4 8 8 8 2 2 7 1 7 8 2 1 5 1 4 7 1 8 7 7 3 5 6 8 7 6 7 7 6 8]]
RMS&Group: 1.65121064451[[5 2 5 7 1 4 4 8 8 2 2 7 1 7 4 2 2 3 1 1 7 1 8 7 7 3 3 3 4 7 3 7 7 6 8]]
RMS&Group: 1.60438084836[[6 2 6 7 5 1 4 8 8 2 2 7 5 8 4 2 2 3 1 1 7 1 4 7 7 3 3 3 4 7 3 8 8 3 8]]
RMS&Group: 1.60709815824[[1 2 1 8 6 5 4 4 8 2 2 7 6 8 4 2 2 3 5 5 7 6 4 7 7 7 3 3 4 7 3 8 8 3 4]]
RMS&Group: 1.35825456547[[2 2 1 8 1 6 5 4 8 2 2 7 1 8 5 2 2 3 6 6 7 6 4 8 7 7 3 3 4 7 3 8 8 3 4]]
RMS&Group: 1.44964317683[[2 2 2 8 1 6 5 5 4 2 2 8 1 8 5 2 2 3 1 6 7 1 5 8 7 7 3 3 4 8 3 8 5 3 4]]
RMS&Group: 1.40657486829[[2 2 2 4 1 1 6 5 4 2 2 8 1 4 6 2 2 3 1 1 8 1 5 8 8 7 3 3 6 8 3 5 5 3 5]]
RMS&Group: 1.45715520796[[2 2 2 4 1 1 6 6 5 2 2 8 1 5 6 2 2 7 1 1 8 1 6 4 8 8 3 3 6 4 3 5 5 3 5]]
RMS&Group: 1.43365519061[[2 2 2 5 1 1 6 6 5 2 2 4 1 5 6 2 2 7 1 1 8 1 6 4 4 8 3 3 6 4 3 5 5 3 6]]
RMS&Group: 1.52311219399[[7 2 2 5 1 1 6 6 5 2 2 4 1 5 6 7 2 8 1 1 4 1 6 4 4 8 8 3 6 4 3 5 5 3 6]]
RMS&Group: 1.41582384115[[2 2 7 5 1 1 6 6 5 2 7 4 1 5 6 7 2 8 1 1 4 1 6 4 4 4 8 3 6 4 3 5 5 3 6]]
RMS&Group: 1.39899708018[[2 2 7 5 7 1 6 6 5 2 2 4 1 5 6 7 7 8 1 1 4 1 6 5 4 4 8 3 6 4 3 5 5 3 6]]
RMS&Group: 1.33017834809[[2 2 7 5 7 1 6 6 5 2 2 5 7 5 6 2 7 8 1 1 4 1 6 5 4 4 8 3 6 5 3 5 5 3 6]]
New Min RMS: 1.33017834809
RMS&Group: 1.43530589754[[2 2 7 5 7 1 6 6 6 2 2 5 7 5 6 2 7 8 7 1 5 7 6 5 5 4 8 3 6 5 3 5 5 3 6]]
RMS&Group: 1.65121064451[[8 2 8 5 7 1 1 6 6 2 2 5 7 5 1 2 2 4 7 7 5 7 6 5 5 4 4 4 1 5 4 5 5 3 6]]
RMS&Group: 1.60438084836[[3 2 3 5 8 7 1 6 6 2 2 5 8 6 1 2 2 4 7 7 5 7 1 5 5 4 4 4 1 5 4 6 6 4 6]]
RMS&Group: 1.60709815824[[7 2 7 6 3 8 1 1 6 2 2 5 3 6 1 2 2 4 8 8 5 3 1 5 5 5 4 4 1 5 4 6 6 4 1]]
RMS&Group: 1.35825456547[[2 2 7 6 7 3 8 1 6 2 2 5 7 6 8 2 2 4 3 3 5 3 1 6 5 5 4 4 1 5 4 6 6 4 1]]
RMS&Group: 1.44964317683[[2 2 2 6 7 3 8 8 1 2 2 6 7 6 8 2 2 4 7 3 5 7 8 6 5 5 4 4 1 6 4 6 8 4 1]]
RMS&Group: 1.40657486829[[2 2 2 1 7 7 3 8 1 2 2 6 7 1 3 2 2 4 7 7 6 7 8 6 6 5 4 4 3 6 4 8 8 4 8]]
RMS&Group: 1.45715520796[[2 2 2 1 7 7 3 3 8 2 2 6 7 8 3 2 2 5 7 7 6 7 3 1 6 6 4 4 3 1 4 8 8 4 8]]
RMS&Group: 1.43365519061[[2 2 2 8 7 7 3 3 8 2 2 1 7 8 3 2 2 5 7 7 6 7 3 1 1 6 4 4 3 1 4 8 8 4 3]]
RMS&Group: 1.52311219399[[5 2 2 8 7 7 3 3 8 2 2 1 7 8 3 5 2 6 7 7 1 7 3 1 1 6 6 4 3 1 4 8 8 4 3]]
RMS&Group: 1.41582384115[[2 2 5 8 7 7 3 3 8 2 5 1 7 8 3 5 2 6 7 7 1 7 3 1 1 1 6 4 3 1 4 8 8 4 3]]
RMS&Group: 1.39899708018[[2 2 5 8 5 7 3 3 8 2 2 1 7 8 3 5 5 6 7 7 1 7 3 8 1 1 6 4 3 1 4 8 8 4 3]]
RMS&Group: 1.33017834809[[2 2 5 8 5 7 3 3 8 2 2 8 5 8 3 2 5 6 7 7 1 7 3 8 1 1 6 4 3 8 4 8 8 4 3]]
RMS&Group: 1.43530589754[[2 2 5 8 5 7 3 3 3 2 2 8 5 8 3 2 5 6 5 7 8 5 3 8 8 1 6 4 3 8 4 8 8 4 3]]
RMS&Group: 1.65121064451[[6 2 6 8 5 7 7 3 3 2 2 8 5 8 7 2 2 1 5 5 8 5 3 8 8 1 1 1 7 8 1 8 8 4 3]]
RMS&Group: 1.60438084836[[4 2 4 8 6 5 7 3 3 2 2 8 6 3 7 2 2 1 5 5 8 5 7 8 8 1 1 1 7 8 1 3 3 1 3]]
RMS&Group: 1.60709815824[[5 2 5 3 4 6 7 7 3 2 2 8 4 3 7 2 2 1 6 6 8 4 7 8 8 8 1 1 7 8 1 3 3 1 7]]
RMS&Group: 1.35825456547[[2 2 5 3 5 4 6 7 3 2 2 8 5 3 6 2 2 1 4 4 8 4 7 3 8 8 1 1 7 8 1 3 3 1 7]]
RMS&Group: 1.44964317683[[2 2 2 3 5 4 6 6 7 2 2 3 5 3 6 2 2 1 5 4 8 5 6 3 8 8 1 1 7 3 1 3 6 1 7]]
RMS&Group: 1.40657486829[[2 2 2 7 5 5 4 6 7 2 2 3 5 7 4 2 2 1 5 5 3 5 6 3 3 8 1 1 4 3 1 6 6 1 6]]
RMS&Group: 1.45715520796[[2 2 2 7 5 5 4 4 6 2 2 3 5 6 4 2 2 8 5 5 3 5 4 7 3 3 1 1 4 7 1 6 6 1 6]]
RMS&Group: 1.43365519061[[2 2 2 6 5 5 4 4 6 2 2 7 5 6 4 2 2 8 5 5 3 5 4 7 7 3 1 1 4 7 1 6 6 1 4]]
RMS&Group: 1.52311219399[[8 2 2 6 5 5 4 4 6 2 2 7 5 6 4 8 2 3 5 5 7 5 4 7 7 3 3 1 4 7 1 6 6 1 4]]
RMS&Group: 1.41582384115[[2 2 8 6 5 5 4 4 6 2 8 7 5 6 4 8 2 3 5 5 7 5 4 7 7 7 3 1 4 7 1 6 6 1 4]]
RMS&Group: 1.39899708018[[2 2 8 6 8 5 4 4 6 2 2 7 5 6 4 8 8 3 5 5 7 5 4 6 7 7 3 1 4 7 1 6 6 1 4]]
RMS&Group: 1.33017834809[[2 2 8 6 8 5 4 4 6 2 2 6 8 6 4 2 8 3 5 5 7 5 4 6 7 7 3 1 4 6 1 6 6 1 4]]
RMS&Group: 1.43530589754[[2 2 8 6 8 5 4 4 4 2 2 6 8 6 4 2 8 3 8 5 6 8 4 6 6 7 3 1 4 6 1 6 6 1 4]]
RMS&Group: 1.65121064451[[3 2 3 6 8 5 5 4 4 2 2 6 8 6 5 2 2 7 8 8 6 8 4 6 6 7 7 7 5 6 7 6 6 1 4]]
RMS&Group: 1.60438084836[[1 2 1 6 3 8 5 4 4 2 2 6 3 4 5 2 2 7 8 8 6 8 5 6 6 7 7 7 5 6 7 4 4 7 4]]
RMS&Group: 1.60709815824[[8 2 8 4 1 3 5 5 4 2 2 6 1 4 5 2 2 7 3 3 6 1 5 6 6 6 7 7 5 6 7 4 4 7 5]]
RMS&Group: 1.35825456547[[2 2 8 4 8 1 3 5 4 2 2 6 8 4 3 2 2 7 1 1 6 1 5 4 6 6 7 7 5 6 7 4 4 7 5]]
RMS&Group: 1.44964317683[[2 2 2 4 8 1 3 3 5 2 2 4 8 4 3 2 2 7 8 1 6 8 3 4 6 6 7 7 5 4 7 4 3 7 5]]
RMS&Group: 1.40657486829[[2 2 2 5 8 8 1 3 5 2 2 4 8 5 1 2 2 7 8 8 4 8 3 4 4 6 7 7 1 4 7 3 3 7 3]]
RMS&Group: 1.45715520796[[2 2 2 5 8 8 1 1 3 2 2 4 8 3 1 2 2 6 8 8 4 8 1 5 4 4 7 7 1 5 7 3 3 7 3]]
RMS&Group: 1.43365519061[[2 2 2 3 8 8 1 1 3 2 2 5 8 3 1 2 2 6 8 8 4 8 1 5 5 4 7 7 1 5 7 3 3 7 1]]
RMS&Group: 1.52311219399[[6 2 2 3 8 8 1 1 3 2 2 5 8 3 1 6 2 4 8 8 5 8 1 5 5 4 4 7 1 5 7 3 3 7 1]]
RMS&Group: 1.41582384115[[2 2 6 3 8 8 1 1 3 2 6 5 8 3 1 6 2 4 8 8 5 8 1 5 5 5 4 7 1 5 7 3 3 7 1]]
RMS&Group: 1.39899708018[[2 2 6 3 6 8 1 1 3 2 2 5 8 3 1 6 6 4 8 8 5 8 1 3 5 5 4 7 1 5 7 3 3 7 1]]
RMS&Group: 1.33017834809[[2 2 6 3 6 8 1 1 3 2 2 3 6 3 1 2 6 4 8 8 5 8 1 3 5 5 4 7 1 3 7 3 3 7 1]]
