RMS&Group: 2.75729244028[[2 2 2 5 2 2 3 5 1 2 5 4 2 1 2 4 5 4 2 2 2 5 3 1 4 1 1 1 5 3 1 2 2 1 5]]
New Min RMS: 2.75729244028
RMS&Group: 2.34757273369[[2 2 2 1 2 2 5 5 3 2 2 1 2 3 5 5 5 4 2 2 2 2 5 4 4 1 1 1 4 3 1 2 2 1 3]]
New Min RMS: 2.34757273369
RMS&Group: 2.11250457695[[2 2 2 3 2 5 5 5 3 2 2 3 2 3 5 5 5 4 2 2 2 2 3 3 1 1 1 1 4 4 1 4 4 1 3]]
New Min RMS: 2.11250457695
RMS&Group: 1.95371953803[[2 2 2 3 2 5 5 5 3 2 5 3 2 3 5 5 5 4 2 5 3 2 3 3 3 4 1 1 2 4 1 4 4 1 3]]
New Min RMS: 1.95371953803
RMS&Group: 1.95412642326[[2 2 2 3 2 5 5 5 3 2 5 3 2 3 5 5 5 4 5 5 3 5 3 3 3 4 1 1 2 3 1 4 3 1 3]]
RMS&Group: 1.94139399609[[2 2 2 3 2 5 5 5 3 2 5 3 2 3 5 5 5 4 5 5 4 2 3 3 3 4 1 1 2 3 1 3 3 1 3]]
New Min RMS: 1.94139399609
RMS&Group: 1.96368046363[[2 2 2 3 2 5 5 5 3 2 5 3 2 3 5 5 5 4 5 5 3 2 3 3 3 4 4 1 2 3 1 3 3 1 3]]
RMS&Group: 1.96368046363[[2 2 2 3 2 5 5 5 3 2 5 3 2 3 5 5 5 4 5 5 3 2 3 3 3 4 4 1 2 3 1 3 3 1 3]]
RMS&Group: 1.96368046363[[2 2 2 3 2 5 5 5 3 2 5 3 2 3 5 5 5 4 5 5 3 2 3 3 3 4 4 1 2 3 1 3 3 1 3]]
RMS&Group: 1.96368046363[[2 2 2 3 2 5 5 5 3 2 5 3 2 3 5 5 5 4 5 5 3 2 3 3 3 4 4 1 2 3 1 3 3 1 3]]
RMS&Group: 1.96368046363[[2 2 2 3 2 5 5 5 3 2 5 3 2 3 5 5 5 4 5 5 3 2 3 3 3 4 4 1 2 3 1 3 3 1 3]]
RMS&Group: 1.96368046363[[2 2 2 3 2 5 5 5 3 2 5 3 2 3 5 5 5 4 5 5 3 2 3 3 3 4 4 1 2 3 1 3 3 1 3]]
RMS&Group: 1.96368046363[[2 2 2 3 2 5 5 5 3 2 5 3 2 3 5 5 5 4 5 5 3 2 3 3 3 4 4 1 2 3 1 3 3 1 3]]
RMS&Group: 1.96368046363[[2 2 2 3 2 5 5 5 3 2 5 3 2 3 5 5 5 4 5 5 3 2 3 3 3 4 4 1 2 3 1 3 3 1 3]]
RMS&Group: 1.96368046363[[2 2 2 3 2 5 5 5 3 2 5 3 2 3 5 5 5 4 5 5 3 2 3 3 3 4 4 1 2 3 1 3 3 1 3]]
RMS&Group: 1.96368046363[[2 2 2 3 2 5 5 5 3 2 5 3 2 3 5 5 5 4 5 5 3 2 3 3 3 4 4 1 2 3 1 3 3 1 3]]
RMS&Group: 1.96368046363[[2 2 2 3 2 5 5 5 3 2 5 3 2 3 5 5 5 4 5 5 3 2 3 3 3 4 4 1 2 3 1 3 3 1 3]]
RMS&Group: 1.96368046363[[2 2 2 3 2 5 5 5 3 2 5 3 2 3 5 5 5 4 5 5 3 2 3 3 3 4 4 1 2 3 1 3 3 1 3]]
RMS&Group: 1.96368046363[[2 2 2 3 2 5 5 5 3 2 5 3 2 3 5 5 5 4 5 5 3 2 3 3 3 4 4 1 2 3 1 3 3 1 3]]
RMS&Group: 1.96368046363[[2 2 2 3 2 5 5 5 3 2 5 3 2 3 5 5 5 4 5 5 3 2 3 3 3 4 4 1 2 3 1 3 3 1 3]]
RMS&Group: 1.96368046363[[2 2 2 3 2 5 5 5 3 2 5 3 2 3 5 5 5 4 5 5 3 2 3 3 3 4 4 1 2 3 1 3 3 1 3]]
RMS&Group: 1.96368046363[[2 2 2 3 2 5 5 5 3 2 5 3 2 3 5 5 5 4 5 5 3 2 3 3 3 4 4 1 2 3 1 3 3 1 3]]
RMS&Group: 1.96368046363[[2 2 2 3 2 5 5 5 3 2 5 3 2 3 5 5 5 4 5 5 3 2 3 3 3 4 4 1 2 3 1 3 3 1 3]]
RMS&Group: 1.96368046363[[2 2 2 3 2 5 5 5 3 2 5 3 2 3 5 5 5 4 5 5 3 2 3 3 3 4 4 1 2 3 1 3 3 1 3]]
RMS&Group: 1.96368046363[[2 2 2 3 2 5 5 5 3 2 5 3 2 3 5 5 5 4 5 5 3 2 3 3 3 4 4 1 2 3 1 3 3 1 3]]
RMS&Group: 1.96368046363[[2 2 2 3 2 5 5 5 3 2 5 3 2 3 5 5 5 4 5 5 3 2 3 3 3 4 4 1 2 3 1 3 3 1 3]]
RMS&Group: 1.96368046363[[2 2 2 3 2 5 5 5 3 2 5 3 2 3 5 5 5 4 5 5 3 2 3 3 3 4 4 1 2 3 1 3 3 1 3]]
RMS&Group: 1.96368046363[[2 2 2 3 2 5 5 5 3 2 5 3 2 3 5 5 5 4 5 5 3 2 3 3 3 4 4 1 2 3 1 3 3 1 3]]
RMS&Group: 1.96368046363[[2 2 2 3 2 5 5 5 3 2 5 3 2 3 5 5 5 4 5 5 3 2 3 3 3 4 4 1 2 3 1 3 3 1 3]]
RMS&Group: 1.96368046363[[2 2 2 3 2 5 5 5 3 2 5 3 2 3 5 5 5 4 5 5 3 2 3 3 3 4 4 1 2 3 1 3 3 1 3]]
RMS&Group: 1.96368046363[[2 2 2 3 2 5 5 5 3 2 5 3 2 3 5 5 5 4 5 5 3 2 3 3 3 4 4 1 2 3 1 3 3 1 3]]
RMS&Group: 1.96368046363[[2 2 2 3 2 5 5 5 3 2 5 3 2 3 5 5 5 4 5 5 3 2 3 3 3 4 4 1 2 3 1 3 3 1 3]]
RMS&Group: 1.96368046363[[2 2 2 3 2 5 5 5 3 2 5 3 2 3 5 5 5 4 5 5 3 2 3 3 3 4 4 1 2 3 1 3 3 1 3]]
RMS&Group: 1.96368046363[[2 2 2 3 2 5 5 5 3 2 5 3 2 3 5 5 5 4 5 5 3 2 3 3 3 4 4 1 2 3 1 3 3 1 3]]
RMS&Group: 1.96368046363[[2 2 2 3 2 5 5 5 3 2 5 3 2 3 5 5 5 4 5 5 3 2 3 3 3 4 4 1 2 3 1 3 3 1 3]]
RMS&Group: 1.96368046363[[2 2 2 3 2 5 5 5 3 2 5 3 2 3 5 5 5 4 5 5 3 2 3 3 3 4 4 1 2 3 1 3 3 1 3]]
RMS&Group: 1.96368046363[[2 2 2 3 2 5 5 5 3 2 5 3 2 3 5 5 5 4 5 5 3 2 3 3 3 4 4 1 2 3 1 3 3 1 3]]
RMS&Group: 1.96368046363[[2 2 2 3 2 5 5 5 3 2 5 3 2 3 5 5 5 4 5 5 3 2 3 3 3 4 4 1 2 3 1 3 3 1 3]]
RMS&Group: 1.96368046363[[2 2 2 3 2 5 5 5 3 2 5 3 2 3 5 5 5 4 5 5 3 2 3 3 3 4 4 1 2 3 1 3 3 1 3]]
RMS&Group: 1.96368046363[[2 2 2 3 2 5 5 5 3 2 5 3 2 3 5 5 5 4 5 5 3 2 3 3 3 4 4 1 2 3 1 3 3 1 3]]
RMS&Group: 1.96368046363[[2 2 2 3 2 5 5 5 3 2 5 3 2 3 5 5 5 4 5 5 3 2 3 3 3 4 4 1 2 3 1 3 3 1 3]]
RMS&Group: 1.96368046363[[2 2 2 3 2 5 5 5 3 2 5 3 2 3 5 5 5 4 5 5 3 2 3 3 3 4 4 1 2 3 1 3 3 1 3]]
RMS&Group: 1.96368046363[[2 2 2 3 2 5 5 5 3 2 5 3 2 3 5 5 5 4 5 5 3 2 3 3 3 4 4 1 2 3 1 3 3 1 3]]
RMS&Group: 1.96368046363[[2 2 2 3 2 5 5 5 3 2 5 3 2 3 5 5 5 4 5 5 3 2 3 3 3 4 4 1 2 3 1 3 3 1 3]]
RMS&Group: 1.96368046363[[2 2 2 3 2 5 5 5 3 2 5 3 2 3 5 5 5 4 5 5 3 2 3 3 3 4 4 1 2 3 1 3 3 1 3]]
RMS&Group: 1.96368046363[[2 2 2 3 2 5 5 5 3 2 5 3 2 3 5 5 5 4 5 5 3 2 3 3 3 4 4 1 2 3 1 3 3 1 3]]
RMS&Group: 1.96368046363[[2 2 2 3 2 5 5 5 3 2 5 3 2 3 5 5 5 4 5 5 3 2 3 3 3 4 4 1 2 3 1 3 3 1 3]]
RMS&Group: 1.96368046363[[2 2 2 3 2 5 5 5 3 2 5 3 2 3 5 5 5 4 5 5 3 2 3 3 3 4 4 1 2 3 1 3 3 1 3]]
RMS&Group: 1.96368046363[[2 2 2 3 2 5 5 5 3 2 5 3 2 3 5 5 5 4 5 5 3 2 3 3 3 4 4 1 2 3 1 3 3 1 3]]
RMS&Group: 1.96368046363[[2 2 2 3 2 5 5 5 3 2 5 3 2 3 5 5 5 4 5 5 3 2 3 3 3 4 4 1 2 3 1 3 3 1 3]]
RMS&Group: 1.96368046363[[2 2 2 3 2 5 5 5 3 2 5 3 2 3 5 5 5 4 5 5 3 2 3 3 3 4 4 1 2 3 1 3 3 1 3]]
RMS&Group: 1.96368046363[[2 2 2 3 2 5 5 5 3 2 5 3 2 3 5 5 5 4 5 5 3 2 3 3 3 4 4 1 2 3 1 3 3 1 3]]
RMS&Group: 1.96368046363[[2 2 2 3 2 5 5 5 3 2 5 3 2 3 5 5 5 4 5 5 3 2 3 3 3 4 4 1 2 3 1 3 3 1 3]]
RMS&Group: 1.96368046363[[2 2 2 3 2 5 5 5 3 2 5 3 2 3 5 5 5 4 5 5 3 2 3 3 3 4 4 1 2 3 1 3 3 1 3]]
RMS&Group: 1.96368046363[[2 2 2 3 2 5 5 5 3 2 5 3 2 3 5 5 5 4 5 5 3 2 3 3 3 4 4 1 2 3 1 3 3 1 3]]
RMS&Group: 1.96368046363[[2 2 2 3 2 5 5 5 3 2 5 3 2 3 5 5 5 4 5 5 3 2 3 3 3 4 4 1 2 3 1 3 3 1 3]]
RMS&Group: 1.96368046363[[2 2 2 3 2 5 5 5 3 2 5 3 2 3 5 5 5 4 5 5 3 2 3 3 3 4 4 1 2 3 1 3 3 1 3]]
RMS&Group: 1.96368046363[[2 2 2 3 2 5 5 5 3 2 5 3 2 3 5 5 5 4 5 5 3 2 3 3 3 4 4 1 2 3 1 3 3 1 3]]
RMS&Group: 1.96368046363[[2 2 2 3 2 5 5 5 3 2 5 3 2 3 5 5 5 4 5 5 3 2 3 3 3 4 4 1 2 3 1 3 3 1 3]]
RMS&Group: 1.96368046363[[2 2 2 3 2 5 5 5 3 2 5 3 2 3 5 5 5 4 5 5 3 2 3 3 3 4 4 1 2 3 1 3 3 1 3]]
RMS&Group: 1.96368046363[[2 2 2 3 2 5 5 5 3 2 5 3 2 3 5 5 5 4 5 5 3 2 3 3 3 4 4 1 2 3 1 3 3 1 3]]
RMS&Group: 1.96368046363[[2 2 2 3 2 5 5 5 3 2 5 3 2 3 5 5 5 4 5 5 3 2 3 3 3 4 4 1 2 3 1 3 3 1 3]]
RMS&Group: 1.96368046363[[2 2 2 3 2 5 5 5 3 2 5 3 2 3 5 5 5 4 5 5 3 2 3 3 3 4 4 1 2 3 1 3 3 1 3]]
RMS&Group: 1.96368046363[[2 2 2 3 2 5 5 5 3 2 5 3 2 3 5 5 5 4 5 5 3 2 3 3 3 4 4 1 2 3 1 3 3 1 3]]
RMS&Group: 1.96368046363[[2 2 2 3 2 5 5 5 3 2 5 3 2 3 5 5 5 4 5 5 3 2 3 3 3 4 4 1 2 3 1 3 3 1 3]]
RMS&Group: 1.96368046363[[2 2 2 3 2 5 5 5 3 2 5 3 2 3 5 5 5 4 5 5 3 2 3 3 3 4 4 1 2 3 1 3 3 1 3]]
RMS&Group: 1.96368046363[[2 2 2 3 2 5 5 5 3 2 5 3 2 3 5 5 5 4 5 5 3 2 3 3 3 4 4 1 2 3 1 3 3 1 3]]
RMS&Group: 1.96368046363[[2 2 2 3 2 5 5 5 3 2 5 3 2 3 5 5 5 4 5 5 3 2 3 3 3 4 4 1 2 3 1 3 3 1 3]]
RMS&Group: 1.96368046363[[2 2 2 3 2 5 5 5 3 2 5 3 2 3 5 5 5 4 5 5 3 2 3 3 3 4 4 1 2 3 1 3 3 1 3]]
RMS&Group: 1.96368046363[[2 2 2 3 2 5 5 5 3 2 5 3 2 3 5 5 5 4 5 5 3 2 3 3 3 4 4 1 2 3 1 3 3 1 3]]
RMS&Group: 1.96368046363[[2 2 2 3 2 5 5 5 3 2 5 3 2 3 5 5 5 4 5 5 3 2 3 3 3 4 4 1 2 3 1 3 3 1 3]]
RMS&Group: 1.96368046363[[2 2 2 3 2 5 5 5 3 2 5 3 2 3 5 5 5 4 5 5 3 2 3 3 3 4 4 1 2 3 1 3 3 1 3]]
RMS&Group: 1.96368046363[[2 2 2 3 2 5 5 5 3 2 5 3 2 3 5 5 5 4 5 5 3 2 3 3 3 4 4 1 2 3 1 3 3 1 3]]
RMS&Group: 1.96368046363[[2 2 2 3 2 5 5 5 3 2 5 3 2 3 5 5 5 4 5 5 3 2 3 3 3 4 4 1 2 3 1 3 3 1 3]]
RMS&Group: 1.96368046363[[2 2 2 3 2 5 5 5 3 2 5 3 2 3 5 5 5 4 5 5 3 2 3 3 3 4 4 1 2 3 1 3 3 1 3]]
RMS&Group: 1.96368046363[[2 2 2 3 2 5 5 5 3 2 5 3 2 3 5 5 5 4 5 5 3 2 3 3 3 4 4 1 2 3 1 3 3 1 3]]
RMS&Group: 1.96368046363[[2 2 2 3 2 5 5 5 3 2 5 3 2 3 5 5 5 4 5 5 3 2 3 3 3 4 4 1 2 3 1 3 3 1 3]]
RMS&Group: 1.96368046363[[2 2 2 3 2 5 5 5 3 2 5 3 2 3 5 5 5 4 5 5 3 2 3 3 3 4 4 1 2 3 1 3 3 1 3]]
RMS&Group: 1.96368046363[[2 2 2 3 2 5 5 5 3 2 5 3 2 3 5 5 5 4 5 5 3 2 3 3 3 4 4 1 2 3 1 3 3 1 3]]
RMS&Group: 1.96368046363[[2 2 2 3 2 5 5 5 3 2 5 3 2 3 5 5 5 4 5 5 3 2 3 3 3 4 4 1 2 3 1 3 3 1 3]]
RMS&Group: 1.96368046363[[2 2 2 3 2 5 5 5 3 2 5 3 2 3 5 5 5 4 5 5 3 2 3 3 3 4 4 1 2 3 1 3 3 1 3]]
RMS&Group: 1.96368046363[[2 2 2 3 2 5 5 5 3 2 5 3 2 3 5 5 5 4 5 5 3 2 3 3 3 4 4 1 2 3 1 3 3 1 3]]
RMS&Group: 1.96368046363[[2 2 2 3 2 5 5 5 3 2 5 3 2 3 5 5 5 4 5 5 3 2 3 3 3 4 4 1 2 3 1 3 3 1 3]]
RMS&Group: 1.96368046363[[2 2 2 3 2 5 5 5 3 2 5 3 2 3 5 5 5 4 5 5 3 2 3 3 3 4 4 1 2 3 1 3 3 1 3]]
RMS&Group: 1.96368046363[[2 2 2 3 2 5 5 5 3 2 5 3 2 3 5 5 5 4 5 5 3 2 3 3 3 4 4 1 2 3 1 3 3 1 3]]
RMS&Group: 1.96368046363[[2 2 2 3 2 5 5 5 3 2 5 3 2 3 5 5 5 4 5 5 3 2 3 3 3 4 4 1 2 3 1 3 3 1 3]]
RMS&Group: 1.96368046363[[2 2 2 3 2 5 5 5 3 2 5 3 2 3 5 5 5 4 5 5 3 2 3 3 3 4 4 1 2 3 1 3 3 1 3]]
RMS&Group: 1.96368046363[[2 2 2 3 2 5 5 5 3 2 5 3 2 3 5 5 5 4 5 5 3 2 3 3 3 4 4 1 2 3 1 3 3 1 3]]
RMS&Group: 1.96368046363[[2 2 2 3 2 5 5 5 3 2 5 3 2 3 5 5 5 4 5 5 3 2 3 3 3 4 4 1 2 3 1 3 3 1 3]]
RMS&Group: 1.96368046363[[2 2 2 3 2 5 5 5 3 2 5 3 2 3 5 5 5 4 5 5 3 2 3 3 3 4 4 1 2 3 1 3 3 1 3]]
RMS&Group: 1.96368046363[[2 2 2 3 2 5 5 5 3 2 5 3 2 3 5 5 5 4 5 5 3 2 3 3 3 4 4 1 2 3 1 3 3 1 3]]
RMS&Group: 1.96368046363[[2 2 2 3 2 5 5 5 3 2 5 3 2 3 5 5 5 4 5 5 3 2 3 3 3 4 4 1 2 3 1 3 3 1 3]]
RMS&Group: 1.96368046363[[2 2 2 3 2 5 5 5 3 2 5 3 2 3 5 5 5 4 5 5 3 2 3 3 3 4 4 1 2 3 1 3 3 1 3]]
RMS&Group: 1.96368046363[[2 2 2 3 2 5 5 5 3 2 5 3 2 3 5 5 5 4 5 5 3 2 3 3 3 4 4 1 2 3 1 3 3 1 3]]
RMS&Group: 1.96368046363[[2 2 2 3 2 5 5 5 3 2 5 3 2 3 5 5 5 4 5 5 3 2 3 3 3 4 4 1 2 3 1 3 3 1 3]]
RMS&Group: 1.96368046363[[2 2 2 3 2 5 5 5 3 2 5 3 2 3 5 5 5 4 5 5 3 2 3 3 3 4 4 1 2 3 1 3 3 1 3]]
RMS&Group: 1.96368046363[[2 2 2 3 2 5 5 5 3 2 5 3 2 3 5 5 5 4 5 5 3 2 3 3 3 4 4 1 2 3 1 3 3 1 3]]
RMS&Group: 1.96368046363[[2 2 2 3 2 5 5 5 3 2 5 3 2 3 5 5 5 4 5 5 3 2 3 3 3 4 4 1 2 3 1 3 3 1 3]]
RMS&Group: 1.96368046363[[2 2 2 3 2 5 5 5 3 2 5 3 2 3 5 5 5 4 5 5 3 2 3 3 3 4 4 1 2 3 1 3 3 1 3]]
RMS&Group: 1.96368046363[[2 2 2 3 2 5 5 5 3 2 5 3 2 3 5 5 5 4 5 5 3 2 3 3 3 4 4 1 2 3 1 3 3 1 3]]
RMS&Group: 1.96368046363[[2 2 2 3 2 5 5 5 3 2 5 3 2 3 5 5 5 4 5 5 3 2 3 3 3 4 4 1 2 3 1 3 3 1 3]]
RMS&Group: 1.96368046363[[2 2 2 3 2 5 5 5 3 2 5 3 2 3 5 5 5 4 5 5 3 2 3 3 3 4 4 1 2 3 1 3 3 1 3]]
RMS&Group: 1.96368046363[[2 2 2 3 2 5 5 5 3 2 5 3 2 3 5 5 5 4 5 5 3 2 3 3 3 4 4 1 2 3 1 3 3 1 3]]
RMS&Group: 1.96368046363[[2 2 2 3 2 5 5 5 3 2 5 3 2 3 5 5 5 4 5 5 3 2 3 3 3 4 4 1 2 3 1 3 3 1 3]]
RMS&Group: 1.96368046363[[2 2 2 3 2 5 5 5 3 2 5 3 2 3 5 5 5 4 5 5 3 2 3 3 3 4 4 1 2 3 1 3 3 1 3]]
RMS&Group: 1.96368046363[[2 2 2 3 2 5 5 5 3 2 5 3 2 3 5 5 5 4 5 5 3 2 3 3 3 4 4 1 2 3 1 3 3 1 3]]
RMS&Group: 1.96368046363[[2 2 2 3 2 5 5 5 3 2 5 3 2 3 5 5 5 4 5 5 3 2 3 3 3 4 4 1 2 3 1 3 3 1 3]]
RMS&Group: 1.96368046363[[2 2 2 3 2 5 5 5 3 2 5 3 2 3 5 5 5 4 5 5 3 2 3 3 3 4 4 1 2 3 1 3 3 1 3]]
RMS&Group: 1.96368046363[[2 2 2 3 2 5 5 5 3 2 5 3 2 3 5 5 5 4 5 5 3 2 3 3 3 4 4 1 2 3 1 3 3 1 3]]
RMS&Group: 1.96368046363[[2 2 2 3 2 5 5 5 3 2 5 3 2 3 5 5 5 4 5 5 3 2 3 3 3 4 4 1 2 3 1 3 3 1 3]]
RMS&Group: 1.96368046363[[2 2 2 3 2 5 5 5 3 2 5 3 2 3 5 5 5 4 5 5 3 2 3 3 3 4 4 1 2 3 1 3 3 1 3]]
RMS&Group: 1.96368046363[[2 2 2 3 2 5 5 5 3 2 5 3 2 3 5 5 5 4 5 5 3 2 3 3 3 4 4 1 2 3 1 3 3 1 3]]
RMS&Group: 1.96368046363[[2 2 2 3 2 5 5 5 3 2 5 3 2 3 5 5 5 4 5 5 3 2 3 3 3 4 4 1 2 3 1 3 3 1 3]]
RMS&Group: 1.96368046363[[2 2 2 3 2 5 5 5 3 2 5 3 2 3 5 5 5 4 5 5 3 2 3 3 3 4 4 1 2 3 1 3 3 1 3]]
RMS&Group: 1.96368046363[[2 2 2 3 2 5 5 5 3 2 5 3 2 3 5 5 5 4 5 5 3 2 3 3 3 4 4 1 2 3 1 3 3 1 3]]
RMS&Group: 1.96368046363[[2 2 2 3 2 5 5 5 3 2 5 3 2 3 5 5 5 4 5 5 3 2 3 3 3 4 4 1 2 3 1 3 3 1 3]]
RMS&Group: 1.96368046363[[2 2 2 3 2 5 5 5 3 2 5 3 2 3 5 5 5 4 5 5 3 2 3 3 3 4 4 1 2 3 1 3 3 1 3]]
RMS&Group: 1.96368046363[[2 2 2 3 2 5 5 5 3 2 5 3 2 3 5 5 5 4 5 5 3 2 3 3 3 4 4 1 2 3 1 3 3 1 3]]
RMS&Group: 1.96368046363[[2 2 2 3 2 5 5 5 3 2 5 3 2 3 5 5 5 4 5 5 3 2 3 3 3 4 4 1 2 3 1 3 3 1 3]]
RMS&Group: 1.96368046363[[2 2 2 3 2 5 5 5 3 2 5 3 2 3 5 5 5 4 5 5 3 2 3 3 3 4 4 1 2 3 1 3 3 1 3]]
RMS&Group: 1.96368046363[[2 2 2 3 2 5 5 5 3 2 5 3 2 3 5 5 5 4 5 5 3 2 3 3 3 4 4 1 2 3 1 3 3 1 3]]
RMS&Group: 1.96368046363[[2 2 2 3 2 5 5 5 3 2 5 3 2 3 5 5 5 4 5 5 3 2 3 3 3 4 4 1 2 3 1 3 3 1 3]]
RMS&Group: 1.96368046363[[2 2 2 3 2 5 5 5 3 2 5 3 2 3 5 5 5 4 5 5 3 2 3 3 3 4 4 1 2 3 1 3 3 1 3]]
RMS&Group: 1.96368046363[[2 2 2 3 2 5 5 5 3 2 5 3 2 3 5 5 5 4 5 5 3 2 3 3 3 4 4 1 2 3 1 3 3 1 3]]
RMS&Group: 1.96368046363[[2 2 2 3 2 5 5 5 3 2 5 3 2 3 5 5 5 4 5 5 3 2 3 3 3 4 4 1 2 3 1 3 3 1 3]]
RMS&Group: 1.96368046363[[2 2 2 3 2 5 5 5 3 2 5 3 2 3 5 5 5 4 5 5 3 2 3 3 3 4 4 1 2 3 1 3 3 1 3]]
RMS&Group: 1.96368046363[[2 2 2 3 2 5 5 5 3 2 5 3 2 3 5 5 5 4 5 5 3 2 3 3 3 4 4 1 2 3 1 3 3 1 3]]
RMS&Group: 1.96368046363[[2 2 2 3 2 5 5 5 3 2 5 3 2 3 5 5 5 4 5 5 3 2 3 3 3 4 4 1 2 3 1 3 3 1 3]]
RMS&Group: 1.96368046363[[2 2 2 3 2 5 5 5 3 2 5 3 2 3 5 5 5 4 5 5 3 2 3 3 3 4 4 1 2 3 1 3 3 1 3]]
RMS&Group: 1.96368046363[[2 2 2 3 2 5 5 5 3 2 5 3 2 3 5 5 5 4 5 5 3 2 3 3 3 4 4 1 2 3 1 3 3 1 3]]
RMS&Group: 1.96368046363[[2 2 2 3 2 5 5 5 3 2 5 3 2 3 5 5 5 4 5 5 3 2 3 3 3 4 4 1 2 3 1 3 3 1 3]]
RMS&Group: 1.96368046363[[2 2 2 3 2 5 5 5 3 2 5 3 2 3 5 5 5 4 5 5 3 2 3 3 3 4 4 1 2 3 1 3 3 1 3]]
RMS&Group: 1.96368046363[[2 2 2 3 2 5 5 5 3 2 5 3 2 3 5 5 5 4 5 5 3 2 3 3 3 4 4 1 2 3 1 3 3 1 3]]
RMS&Group: 1.96368046363[[2 2 2 3 2 5 5 5 3 2 5 3 2 3 5 5 5 4 5 5 3 2 3 3 3 4 4 1 2 3 1 3 3 1 3]]
RMS&Group: 1.96368046363[[2 2 2 3 2 5 5 5 3 2 5 3 2 3 5 5 5 4 5 5 3 2 3 3 3 4 4 1 2 3 1 3 3 1 3]]
RMS&Group: 1.96368046363[[2 2 2 3 2 5 5 5 3 2 5 3 2 3 5 5 5 4 5 5 3 2 3 3 3 4 4 1 2 3 1 3 3 1 3]]
RMS&Group: 1.96368046363[[2 2 2 3 2 5 5 5 3 2 5 3 2 3 5 5 5 4 5 5 3 2 3 3 3 4 4 1 2 3 1 3 3 1 3]]
RMS&Group: 1.96368046363[[2 2 2 3 2 5 5 5 3 2 5 3 2 3 5 5 5 4 5 5 3 2 3 3 3 4 4 1 2 3 1 3 3 1 3]]
RMS&Group: 1.96368046363[[2 2 2 3 2 5 5 5 3 2 5 3 2 3 5 5 5 4 5 5 3 2 3 3 3 4 4 1 2 3 1 3 3 1 3]]
RMS&Group: 1.96368046363[[2 2 2 3 2 5 5 5 3 2 5 3 2 3 5 5 5 4 5 5 3 2 3 3 3 4 4 1 2 3 1 3 3 1 3]]
RMS&Group: 1.96368046363[[2 2 2 3 2 5 5 5 3 2 5 3 2 3 5 5 5 4 5 5 3 2 3 3 3 4 4 1 2 3 1 3 3 1 3]]
RMS&Group: 1.96368046363[[2 2 2 3 2 5 5 5 3 2 5 3 2 3 5 5 5 4 5 5 3 2 3 3 3 4 4 1 2 3 1 3 3 1 3]]
RMS&Group: 1.96368046363[[2 2 2 3 2 5 5 5 3 2 5 3 2 3 5 5 5 4 5 5 3 2 3 3 3 4 4 1 2 3 1 3 3 1 3]]
RMS&Group: 1.96368046363[[2 2 2 3 2 5 5 5 3 2 5 3 2 3 5 5 5 4 5 5 3 2 3 3 3 4 4 1 2 3 1 3 3 1 3]]
RMS&Group: 1.96368046363[[2 2 2 3 2 5 5 5 3 2 5 3 2 3 5 5 5 4 5 5 3 2 3 3 3 4 4 1 2 3 1 3 3 1 3]]
RMS&Group: 1.96368046363[[2 2 2 3 2 5 5 5 3 2 5 3 2 3 5 5 5 4 5 5 3 2 3 3 3 4 4 1 2 3 1 3 3 1 3]]
RMS&Group: 1.96368046363[[2 2 2 3 2 5 5 5 3 2 5 3 2 3 5 5 5 4 5 5 3 2 3 3 3 4 4 1 2 3 1 3 3 1 3]]
RMS&Group: 1.96368046363[[2 2 2 3 2 5 5 5 3 2 5 3 2 3 5 5 5 4 5 5 3 2 3 3 3 4 4 1 2 3 1 3 3 1 3]]
RMS&Group: 1.96368046363[[2 2 2 3 2 5 5 5 3 2 5 3 2 3 5 5 5 4 5 5 3 2 3 3 3 4 4 1 2 3 1 3 3 1 3]]
RMS&Group: 1.96368046363[[2 2 2 3 2 5 5 5 3 2 5 3 2 3 5 5 5 4 5 5 3 2 3 3 3 4 4 1 2 3 1 3 3 1 3]]
RMS&Group: 1.96368046363[[2 2 2 3 2 5 5 5 3 2 5 3 2 3 5 5 5 4 5 5 3 2 3 3 3 4 4 1 2 3 1 3 3 1 3]]
RMS&Group: 1.96368046363[[2 2 2 3 2 5 5 5 3 2 5 3 2 3 5 5 5 4 5 5 3 2 3 3 3 4 4 1 2 3 1 3 3 1 3]]
RMS&Group: 1.96368046363[[2 2 2 3 2 5 5 5 3 2 5 3 2 3 5 5 5 4 5 5 3 2 3 3 3 4 4 1 2 3 1 3 3 1 3]]
RMS&Group: 1.96368046363[[2 2 2 3 2 5 5 5 3 2 5 3 2 3 5 5 5 4 5 5 3 2 3 3 3 4 4 1 2 3 1 3 3 1 3]]
RMS&Group: 1.96368046363[[2 2 2 3 2 5 5 5 3 2 5 3 2 3 5 5 5 4 5 5 3 2 3 3 3 4 4 1 2 3 1 3 3 1 3]]
RMS&Group: 1.96368046363[[2 2 2 3 2 5 5 5 3 2 5 3 2 3 5 5 5 4 5 5 3 2 3 3 3 4 4 1 2 3 1 3 3 1 3]]
RMS&Group: 1.96368046363[[2 2 2 3 2 5 5 5 3 2 5 3 2 3 5 5 5 4 5 5 3 2 3 3 3 4 4 1 2 3 1 3 3 1 3]]
RMS&Group: 1.96368046363[[2 2 2 3 2 5 5 5 3 2 5 3 2 3 5 5 5 4 5 5 3 2 3 3 3 4 4 1 2 3 1 3 3 1 3]]
RMS&Group: 1.96368046363[[2 2 2 3 2 5 5 5 3 2 5 3 2 3 5 5 5 4 5 5 3 2 3 3 3 4 4 1 2 3 1 3 3 1 3]]
RMS&Group: 1.96368046363[[2 2 2 3 2 5 5 5 3 2 5 3 2 3 5 5 5 4 5 5 3 2 3 3 3 4 4 1 2 3 1 3 3 1 3]]
RMS&Group: 1.96368046363[[2 2 2 3 2 5 5 5 3 2 5 3 2 3 5 5 5 4 5 5 3 2 3 3 3 4 4 1 2 3 1 3 3 1 3]]
RMS&Group: 1.96368046363[[2 2 2 3 2 5 5 5 3 2 5 3 2 3 5 5 5 4 5 5 3 2 3 3 3 4 4 1 2 3 1 3 3 1 3]]
RMS&Group: 1.96368046363[[2 2 2 3 2 5 5 5 3 2 5 3 2 3 5 5 5 4 5 5 3 2 3 3 3 4 4 1 2 3 1 3 3 1 3]]
RMS&Group: 1.96368046363[[2 2 2 3 2 5 5 5 3 2 5 3 2 3 5 5 5 4 5 5 3 2 3 3 3 4 4 1 2 3 1 3 3 1 3]]
RMS&Group: 1.96368046363[[2 2 2 3 2 5 5 5 3 2 5 3 2 3 5 5 5 4 5 5 3 2 3 3 3 4 4 1 2 3 1 3 3 1 3]]
RMS&Group: 1.96368046363[[2 2 2 3 2 5 5 5 3 2 5 3 2 3 5 5 5 4 5 5 3 2 3 3 3 4 4 1 2 3 1 3 3 1 3]]
RMS&Group: 1.96368046363[[2 2 2 3 2 5 5 5 3 2 5 3 2 3 5 5 5 4 5 5 3 2 3 3 3 4 4 1 2 3 1 3 3 1 3]]
RMS&Group: 1.96368046363[[2 2 2 3 2 5 5 5 3 2 5 3 2 3 5 5 5 4 5 5 3 2 3 3 3 4 4 1 2 3 1 3 3 1 3]]
RMS&Group: 1.96368046363[[2 2 2 3 2 5 5 5 3 2 5 3 2 3 5 5 5 4 5 5 3 2 3 3 3 4 4 1 2 3 1 3 3 1 3]]
RMS&Group: 1.96368046363[[2 2 2 3 2 5 5 5 3 2 5 3 2 3 5 5 5 4 5 5 3 2 3 3 3 4 4 1 2 3 1 3 3 1 3]]
RMS&Group: 1.96368046363[[2 2 2 3 2 5 5 5 3 2 5 3 2 3 5 5 5 4 5 5 3 2 3 3 3 4 4 1 2 3 1 3 3 1 3]]
RMS&Group: 1.96368046363[[2 2 2 3 2 5 5 5 3 2 5 3 2 3 5 5 5 4 5 5 3 2 3 3 3 4 4 1 2 3 1 3 3 1 3]]
RMS&Group: 1.96368046363[[2 2 2 3 2 5 5 5 3 2 5 3 2 3 5 5 5 4 5 5 3 2 3 3 3 4 4 1 2 3 1 3 3 1 3]]
RMS&Group: 1.96368046363[[2 2 2 3 2 5 5 5 3 2 5 3 2 3 5 5 5 4 5 5 3 2 3 3 3 4 4 1 2 3 1 3 3 1 3]]
RMS&Group: 1.96368046363[[2 2 2 3 2 5 5 5 3 2 5 3 2 3 5 5 5 4 5 5 3 2 3 3 3 4 4 1 2 3 1 3 3 1 3]]
RMS&Group: 1.96368046363[[2 2 2 3 2 5 5 5 3 2 5 3 2 3 5 5 5 4 5 5 3 2 3 3 3 4 4 1 2 3 1 3 3 1 3]]
RMS&Group: 1.96368046363[[2 2 2 3 2 5 5 5 3 2 5 3 2 3 5 5 5 4 5 5 3 2 3 3 3 4 4 1 2 3 1 3 3 1 3]]
RMS&Group: 1.96368046363[[2 2 2 3 2 5 5 5 3 2 5 3 2 3 5 5 5 4 5 5 3 2 3 3 3 4 4 1 2 3 1 3 3 1 3]]
RMS&Group: 1.96368046363[[2 2 2 3 2 5 5 5 3 2 5 3 2 3 5 5 5 4 5 5 3 2 3 3 3 4 4 1 2 3 1 3 3 1 3]]
RMS&Group: 1.96368046363[[2 2 2 3 2 5 5 5 3 2 5 3 2 3 5 5 5 4 5 5 3 2 3 3 3 4 4 1 2 3 1 3 3 1 3]]
RMS&Group: 1.96368046363[[2 2 2 3 2 5 5 5 3 2 5 3 2 3 5 5 5 4 5 5 3 2 3 3 3 4 4 1 2 3 1 3 3 1 3]]
RMS&Group: 1.96368046363[[2 2 2 3 2 5 5 5 3 2 5 3 2 3 5 5 5 4 5 5 3 2 3 3 3 4 4 1 2 3 1 3 3 1 3]]
RMS&Group: 1.96368046363[[2 2 2 3 2 5 5 5 3 2 5 3 2 3 5 5 5 4 5 5 3 2 3 3 3 4 4 1 2 3 1 3 3 1 3]]
RMS&Group: 1.96368046363[[2 2 2 3 2 5 5 5 3 2 5 3 2 3 5 5 5 4 5 5 3 2 3 3 3 4 4 1 2 3 1 3 3 1 3]]
RMS&Group: 1.96368046363[[2 2 2 3 2 5 5 5 3 2 5 3 2 3 5 5 5 4 5 5 3 2 3 3 3 4 4 1 2 3 1 3 3 1 3]]
RMS&Group: 1.96368046363[[2 2 2 3 2 5 5 5 3 2 5 3 2 3 5 5 5 4 5 5 3 2 3 3 3 4 4 1 2 3 1 3 3 1 3]]
RMS&Group: 1.96368046363[[2 2 2 3 2 5 5 5 3 2 5 3 2 3 5 5 5 4 5 5 3 2 3 3 3 4 4 1 2 3 1 3 3 1 3]]
RMS&Group: 1.96368046363[[2 2 2 3 2 5 5 5 3 2 5 3 2 3 5 5 5 4 5 5 3 2 3 3 3 4 4 1 2 3 1 3 3 1 3]]
RMS&Group: 1.96368046363[[2 2 2 3 2 5 5 5 3 2 5 3 2 3 5 5 5 4 5 5 3 2 3 3 3 4 4 1 2 3 1 3 3 1 3]]
RMS&Group: 1.96368046363[[2 2 2 3 2 5 5 5 3 2 5 3 2 3 5 5 5 4 5 5 3 2 3 3 3 4 4 1 2 3 1 3 3 1 3]]
RMS&Group: 1.96368046363[[2 2 2 3 2 5 5 5 3 2 5 3 2 3 5 5 5 4 5 5 3 2 3 3 3 4 4 1 2 3 1 3 3 1 3]]
RMS&Group: 1.96368046363[[2 2 2 3 2 5 5 5 3 2 5 3 2 3 5 5 5 4 5 5 3 2 3 3 3 4 4 1 2 3 1 3 3 1 3]]
RMS&Group: 1.96368046363[[2 2 2 3 2 5 5 5 3 2 5 3 2 3 5 5 5 4 5 5 3 2 3 3 3 4 4 1 2 3 1 3 3 1 3]]
RMS&Group: 1.96368046363[[2 2 2 3 2 5 5 5 3 2 5 3 2 3 5 5 5 4 5 5 3 2 3 3 3 4 4 1 2 3 1 3 3 1 3]]
RMS&Group: 1.96368046363[[2 2 2 3 2 5 5 5 3 2 5 3 2 3 5 5 5 4 5 5 3 2 3 3 3 4 4 1 2 3 1 3 3 1 3]]
RMS&Group: 1.96368046363[[2 2 2 3 2 5 5 5 3 2 5 3 2 3 5 5 5 4 5 5 3 2 3 3 3 4 4 1 2 3 1 3 3 1 3]]
RMS&Group: 1.96368046363[[2 2 2 3 2 5 5 5 3 2 5 3 2 3 5 5 5 4 5 5 3 2 3 3 3 4 4 1 2 3 1 3 3 1 3]]
RMS&Group: 1.96368046363[[2 2 2 3 2 5 5 5 3 2 5 3 2 3 5 5 5 4 5 5 3 2 3 3 3 4 4 1 2 3 1 3 3 1 3]]
RMS&Group: 1.96368046363[[2 2 2 3 2 5 5 5 3 2 5 3 2 3 5 5 5 4 5 5 3 2 3 3 3 4 4 1 2 3 1 3 3 1 3]]
RMS&Group: 1.96368046363[[2 2 2 3 2 5 5 5 3 2 5 3 2 3 5 5 5 4 5 5 3 2 3 3 3 4 4 1 2 3 1 3 3 1 3]]
RMS&Group: 1.96368046363[[2 2 2 3 2 5 5 5 3 2 5 3 2 3 5 5 5 4 5 5 3 2 3 3 3 4 4 1 2 3 1 3 3 1 3]]
RMS&Group: 1.96368046363[[2 2 2 3 2 5 5 5 3 2 5 3 2 3 5 5 5 4 5 5 3 2 3 3 3 4 4 1 2 3 1 3 3 1 3]]
RMS&Group: 1.96368046363[[2 2 2 3 2 5 5 5 3 2 5 3 2 3 5 5 5 4 5 5 3 2 3 3 3 4 4 1 2 3 1 3 3 1 3]]
RMS&Group: 1.96368046363[[2 2 2 3 2 5 5 5 3 2 5 3 2 3 5 5 5 4 5 5 3 2 3 3 3 4 4 1 2 3 1 3 3 1 3]]
RMS&Group: 1.96368046363[[2 2 2 3 2 5 5 5 3 2 5 3 2 3 5 5 5 4 5 5 3 2 3 3 3 4 4 1 2 3 1 3 3 1 3]]
RMS&Group: 1.96368046363[[2 2 2 3 2 5 5 5 3 2 5 3 2 3 5 5 5 4 5 5 3 2 3 3 3 4 4 1 2 3 1 3 3 1 3]]
RMS&Group: 1.96368046363[[2 2 2 3 2 5 5 5 3 2 5 3 2 3 5 5 5 4 5 5 3 2 3 3 3 4 4 1 2 3 1 3 3 1 3]]
RMS&Group: 1.96368046363[[2 2 2 3 2 5 5 5 3 2 5 3 2 3 5 5 5 4 5 5 3 2 3 3 3 4 4 1 2 3 1 3 3 1 3]]
RMS&Group: 1.96368046363[[2 2 2 3 2 5 5 5 3 2 5 3 2 3 5 5 5 4 5 5 3 2 3 3 3 4 4 1 2 3 1 3 3 1 3]]
RMS&Group: 1.96368046363[[2 2 2 3 2 5 5 5 3 2 5 3 2 3 5 5 5 4 5 5 3 2 3 3 3 4 4 1 2 3 1 3 3 1 3]]
RMS&Group: 1.96368046363[[2 2 2 3 2 5 5 5 3 2 5 3 2 3 5 5 5 4 5 5 3 2 3 3 3 4 4 1 2 3 1 3 3 1 3]]
RMS&Group: 1.96368046363[[2 2 2 3 2 5 5 5 3 2 5 3 2 3 5 5 5 4 5 5 3 2 3 3 3 4 4 1 2 3 1 3 3 1 3]]
RMS&Group: 1.96368046363[[2 2 2 3 2 5 5 5 3 2 5 3 2 3 5 5 5 4 5 5 3 2 3 3 3 4 4 1 2 3 1 3 3 1 3]]
RMS&Group: 1.96368046363[[2 2 2 3 2 5 5 5 3 2 5 3 2 3 5 5 5 4 5 5 3 2 3 3 3 4 4 1 2 3 1 3 3 1 3]]
RMS&Group: 1.96368046363[[2 2 2 3 2 5 5 5 3 2 5 3 2 3 5 5 5 4 5 5 3 2 3 3 3 4 4 1 2 3 1 3 3 1 3]]
RMS&Group: 1.96368046363[[2 2 2 3 2 5 5 5 3 2 5 3 2 3 5 5 5 4 5 5 3 2 3 3 3 4 4 1 2 3 1 3 3 1 3]]
RMS&Group: 1.96368046363[[2 2 2 3 2 5 5 5 3 2 5 3 2 3 5 5 5 4 5 5 3 2 3 3 3 4 4 1 2 3 1 3 3 1 3]]
RMS&Group: 1.96368046363[[2 2 2 3 2 5 5 5 3 2 5 3 2 3 5 5 5 4 5 5 3 2 3 3 3 4 4 1 2 3 1 3 3 1 3]]
RMS&Group: 1.96368046363[[2 2 2 3 2 5 5 5 3 2 5 3 2 3 5 5 5 4 5 5 3 2 3 3 3 4 4 1 2 3 1 3 3 1 3]]
RMS&Group: 1.96368046363[[2 2 2 3 2 5 5 5 3 2 5 3 2 3 5 5 5 4 5 5 3 2 3 3 3 4 4 1 2 3 1 3 3 1 3]]
RMS&Group: 1.96368046363[[2 2 2 3 2 5 5 5 3 2 5 3 2 3 5 5 5 4 5 5 3 2 3 3 3 4 4 1 2 3 1 3 3 1 3]]
RMS&Group: 1.96368046363[[2 2 2 3 2 5 5 5 3 2 5 3 2 3 5 5 5 4 5 5 3 2 3 3 3 4 4 1 2 3 1 3 3 1 3]]
RMS&Group: 1.96368046363[[2 2 2 3 2 5 5 5 3 2 5 3 2 3 5 5 5 4 5 5 3 2 3 3 3 4 4 1 2 3 1 3 3 1 3]]
RMS&Group: 1.96368046363[[2 2 2 3 2 5 5 5 3 2 5 3 2 3 5 5 5 4 5 5 3 2 3 3 3 4 4 1 2 3 1 3 3 1 3]]
RMS&Group: 1.96368046363[[2 2 2 3 2 5 5 5 3 2 5 3 2 3 5 5 5 4 5 5 3 2 3 3 3 4 4 1 2 3 1 3 3 1 3]]
RMS&Group: 1.96368046363[[2 2 2 3 2 5 5 5 3 2 5 3 2 3 5 5 5 4 5 5 3 2 3 3 3 4 4 1 2 3 1 3 3 1 3]]
RMS&Group: 1.96368046363[[2 2 2 3 2 5 5 5 3 2 5 3 2 3 5 5 5 4 5 5 3 2 3 3 3 4 4 1 2 3 1 3 3 1 3]]
RMS&Group: 1.96368046363[[2 2 2 3 2 5 5 5 3 2 5 3 2 3 5 5 5 4 5 5 3 2 3 3 3 4 4 1 2 3 1 3 3 1 3]]
RMS&Group: 1.96368046363[[2 2 2 3 2 5 5 5 3 2 5 3 2 3 5 5 5 4 5 5 3 2 3 3 3 4 4 1 2 3 1 3 3 1 3]]
RMS&Group: 1.96368046363[[2 2 2 3 2 5 5 5 3 2 5 3 2 3 5 5 5 4 5 5 3 2 3 3 3 4 4 1 2 3 1 3 3 1 3]]
RMS&Group: 1.96368046363[[2 2 2 3 2 5 5 5 3 2 5 3 2 3 5 5 5 4 5 5 3 2 3 3 3 4 4 1 2 3 1 3 3 1 3]]
RMS&Group: 1.96368046363[[2 2 2 3 2 5 5 5 3 2 5 3 2 3 5 5 5 4 5 5 3 2 3 3 3 4 4 1 2 3 1 3 3 1 3]]
RMS&Group: 1.96368046363[[2 2 2 3 2 5 5 5 3 2 5 3 2 3 5 5 5 4 5 5 3 2 3 3 3 4 4 1 2 3 1 3 3 1 3]]
RMS&Group: 1.96368046363[[2 2 2 3 2 5 5 5 3 2 5 3 2 3 5 5 5 4 5 5 3 2 3 3 3 4 4 1 2 3 1 3 3 1 3]]
RMS&Group: 1.96368046363[[2 2 2 3 2 5 5 5 3 2 5 3 2 3 5 5 5 4 5 5 3 2 3 3 3 4 4 1 2 3 1 3 3 1 3]]
RMS&Group: 1.96368046363[[2 2 2 3 2 5 5 5 3 2 5 3 2 3 5 5 5 4 5 5 3 2 3 3 3 4 4 1 2 3 1 3 3 1 3]]
RMS&Group: 1.96368046363[[2 2 2 3 2 5 5 5 3 2 5 3 2 3 5 5 5 4 5 5 3 2 3 3 3 4 4 1 2 3 1 3 3 1 3]]
RMS&Group: 1.96368046363[[2 2 2 3 2 5 5 5 3 2 5 3 2 3 5 5 5 4 5 5 3 2 3 3 3 4 4 1 2 3 1 3 3 1 3]]
RMS&Group: 1.96368046363[[2 2 2 3 2 5 5 5 3 2 5 3 2 3 5 5 5 4 5 5 3 2 3 3 3 4 4 1 2 3 1 3 3 1 3]]
RMS&Group: 1.96368046363[[2 2 2 3 2 5 5 5 3 2 5 3 2 3 5 5 5 4 5 5 3 2 3 3 3 4 4 1 2 3 1 3 3 1 3]]
RMS&Group: 1.96368046363[[2 2 2 3 2 5 5 5 3 2 5 3 2 3 5 5 5 4 5 5 3 2 3 3 3 4 4 1 2 3 1 3 3 1 3]]
RMS&Group: 1.96368046363[[2 2 2 3 2 5 5 5 3 2 5 3 2 3 5 5 5 4 5 5 3 2 3 3 3 4 4 1 2 3 1 3 3 1 3]]
RMS&Group: 1.96368046363[[2 2 2 3 2 5 5 5 3 2 5 3 2 3 5 5 5 4 5 5 3 2 3 3 3 4 4 1 2 3 1 3 3 1 3]]
RMS&Group: 1.96368046363[[2 2 2 3 2 5 5 5 3 2 5 3 2 3 5 5 5 4 5 5 3 2 3 3 3 4 4 1 2 3 1 3 3 1 3]]
RMS&Group: 1.96368046363[[2 2 2 3 2 5 5 5 3 2 5 3 2 3 5 5 5 4 5 5 3 2 3 3 3 4 4 1 2 3 1 3 3 1 3]]
RMS&Group: 1.96368046363[[2 2 2 3 2 5 5 5 3 2 5 3 2 3 5 5 5 4 5 5 3 2 3 3 3 4 4 1 2 3 1 3 3 1 3]]
RMS&Group: 1.96368046363[[2 2 2 3 2 5 5 5 3 2 5 3 2 3 5 5 5 4 5 5 3 2 3 3 3 4 4 1 2 3 1 3 3 1 3]]
RMS&Group: 1.96368046363[[2 2 2 3 2 5 5 5 3 2 5 3 2 3 5 5 5 4 5 5 3 2 3 3 3 4 4 1 2 3 1 3 3 1 3]]
RMS&Group: 1.96368046363[[2 2 2 3 2 5 5 5 3 2 5 3 2 3 5 5 5 4 5 5 3 2 3 3 3 4 4 1 2 3 1 3 3 1 3]]
RMS&Group: 1.96368046363[[2 2 2 3 2 5 5 5 3 2 5 3 2 3 5 5 5 4 5 5 3 2 3 3 3 4 4 1 2 3 1 3 3 1 3]]
RMS&Group: 1.96368046363[[2 2 2 3 2 5 5 5 3 2 5 3 2 3 5 5 5 4 5 5 3 2 3 3 3 4 4 1 2 3 1 3 3 1 3]]
RMS&Group: 1.96368046363[[2 2 2 3 2 5 5 5 3 2 5 3 2 3 5 5 5 4 5 5 3 2 3 3 3 4 4 1 2 3 1 3 3 1 3]]
RMS&Group: 1.96368046363[[2 2 2 3 2 5 5 5 3 2 5 3 2 3 5 5 5 4 5 5 3 2 3 3 3 4 4 1 2 3 1 3 3 1 3]]
RMS&Group: 1.96368046363[[2 2 2 3 2 5 5 5 3 2 5 3 2 3 5 5 5 4 5 5 3 2 3 3 3 4 4 1 2 3 1 3 3 1 3]]
RMS&Group: 1.96368046363[[2 2 2 3 2 5 5 5 3 2 5 3 2 3 5 5 5 4 5 5 3 2 3 3 3 4 4 1 2 3 1 3 3 1 3]]
RMS&Group: 1.96368046363[[2 2 2 3 2 5 5 5 3 2 5 3 2 3 5 5 5 4 5 5 3 2 3 3 3 4 4 1 2 3 1 3 3 1 3]]
RMS&Group: 1.96368046363[[2 2 2 3 2 5 5 5 3 2 5 3 2 3 5 5 5 4 5 5 3 2 3 3 3 4 4 1 2 3 1 3 3 1 3]]
RMS&Group: 1.96368046363[[2 2 2 3 2 5 5 5 3 2 5 3 2 3 5 5 5 4 5 5 3 2 3 3 3 4 4 1 2 3 1 3 3 1 3]]
RMS&Group: 1.96368046363[[2 2 2 3 2 5 5 5 3 2 5 3 2 3 5 5 5 4 5 5 3 2 3 3 3 4 4 1 2 3 1 3 3 1 3]]
RMS&Group: 1.96368046363[[2 2 2 3 2 5 5 5 3 2 5 3 2 3 5 5 5 4 5 5 3 2 3 3 3 4 4 1 2 3 1 3 3 1 3]]
RMS&Group: 1.96368046363[[2 2 2 3 2 5 5 5 3 2 5 3 2 3 5 5 5 4 5 5 3 2 3 3 3 4 4 1 2 3 1 3 3 1 3]]
RMS&Group: 1.96368046363[[2 2 2 3 2 5 5 5 3 2 5 3 2 3 5 5 5 4 5 5 3 2 3 3 3 4 4 1 2 3 1 3 3 1 3]]
RMS&Group: 1.96368046363[[2 2 2 3 2 5 5 5 3 2 5 3 2 3 5 5 5 4 5 5 3 2 3 3 3 4 4 1 2 3 1 3 3 1 3]]
RMS&Group: 1.96368046363[[2 2 2 3 2 5 5 5 3 2 5 3 2 3 5 5 5 4 5 5 3 2 3 3 3 4 4 1 2 3 1 3 3 1 3]]
RMS&Group: 1.96368046363[[2 2 2 3 2 5 5 5 3 2 5 3 2 3 5 5 5 4 5 5 3 2 3 3 3 4 4 1 2 3 1 3 3 1 3]]
RMS&Group: 1.96368046363[[2 2 2 3 2 5 5 5 3 2 5 3 2 3 5 5 5 4 5 5 3 2 3 3 3 4 4 1 2 3 1 3 3 1 3]]
RMS&Group: 1.96368046363[[2 2 2 3 2 5 5 5 3 2 5 3 2 3 5 5 5 4 5 5 3 2 3 3 3 4 4 1 2 3 1 3 3 1 3]]
RMS&Group: 1.96368046363[[2 2 2 3 2 5 5 5 3 2 5 3 2 3 5 5 5 4 5 5 3 2 3 3 3 4 4 1 2 3 1 3 3 1 3]]
RMS&Group: 1.96368046363[[2 2 2 3 2 5 5 5 3 2 5 3 2 3 5 5 5 4 5 5 3 2 3 3 3 4 4 1 2 3 1 3 3 1 3]]
RMS&Group: 1.96368046363[[2 2 2 3 2 5 5 5 3 2 5 3 2 3 5 5 5 4 5 5 3 2 3 3 3 4 4 1 2 3 1 3 3 1 3]]
RMS&Group: 1.96368046363[[2 2 2 3 2 5 5 5 3 2 5 3 2 3 5 5 5 4 5 5 3 2 3 3 3 4 4 1 2 3 1 3 3 1 3]]
RMS&Group: 1.96368046363[[2 2 2 3 2 5 5 5 3 2 5 3 2 3 5 5 5 4 5 5 3 2 3 3 3 4 4 1 2 3 1 3 3 1 3]]
RMS&Group: 1.96368046363[[2 2 2 3 2 5 5 5 3 2 5 3 2 3 5 5 5 4 5 5 3 2 3 3 3 4 4 1 2 3 1 3 3 1 3]]
RMS&Group: 1.96368046363[[2 2 2 3 2 5 5 5 3 2 5 3 2 3 5 5 5 4 5 5 3 2 3 3 3 4 4 1 2 3 1 3 3 1 3]]
RMS&Group: 1.96368046363[[2 2 2 3 2 5 5 5 3 2 5 3 2 3 5 5 5 4 5 5 3 2 3 3 3 4 4 1 2 3 1 3 3 1 3]]
RMS&Group: 1.96368046363[[2 2 2 3 2 5 5 5 3 2 5 3 2 3 5 5 5 4 5 5 3 2 3 3 3 4 4 1 2 3 1 3 3 1 3]]
RMS&Group: 1.96368046363[[2 2 2 3 2 5 5 5 3 2 5 3 2 3 5 5 5 4 5 5 3 2 3 3 3 4 4 1 2 3 1 3 3 1 3]]
RMS&Group: 1.96368046363[[2 2 2 3 2 5 5 5 3 2 5 3 2 3 5 5 5 4 5 5 3 2 3 3 3 4 4 1 2 3 1 3 3 1 3]]
RMS&Group: 1.96368046363[[2 2 2 3 2 5 5 5 3 2 5 3 2 3 5 5 5 4 5 5 3 2 3 3 3 4 4 1 2 3 1 3 3 1 3]]
RMS&Group: 1.96368046363[[2 2 2 3 2 5 5 5 3 2 5 3 2 3 5 5 5 4 5 5 3 2 3 3 3 4 4 1 2 3 1 3 3 1 3]]
RMS&Group: 1.96368046363[[2 2 2 3 2 5 5 5 3 2 5 3 2 3 5 5 5 4 5 5 3 2 3 3 3 4 4 1 2 3 1 3 3 1 3]]
RMS&Group: 1.96368046363[[2 2 2 3 2 5 5 5 3 2 5 3 2 3 5 5 5 4 5 5 3 2 3 3 3 4 4 1 2 3 1 3 3 1 3]]
RMS&Group: 1.96368046363[[2 2 2 3 2 5 5 5 3 2 5 3 2 3 5 5 5 4 5 5 3 2 3 3 3 4 4 1 2 3 1 3 3 1 3]]
RMS&Group: 1.96368046363[[2 2 2 3 2 5 5 5 3 2 5 3 2 3 5 5 5 4 5 5 3 2 3 3 3 4 4 1 2 3 1 3 3 1 3]]
RMS&Group: 1.96368046363[[2 2 2 3 2 5 5 5 3 2 5 3 2 3 5 5 5 4 5 5 3 2 3 3 3 4 4 1 2 3 1 3 3 1 3]]
RMS&Group: 1.96368046363[[2 2 2 3 2 5 5 5 3 2 5 3 2 3 5 5 5 4 5 5 3 2 3 3 3 4 4 1 2 3 1 3 3 1 3]]
RMS&Group: 1.96368046363[[2 2 2 3 2 5 5 5 3 2 5 3 2 3 5 5 5 4 5 5 3 2 3 3 3 4 4 1 2 3 1 3 3 1 3]]
RMS&Group: 1.96368046363[[2 2 2 3 2 5 5 5 3 2 5 3 2 3 5 5 5 4 5 5 3 2 3 3 3 4 4 1 2 3 1 3 3 1 3]]
RMS&Group: 1.96368046363[[2 2 2 3 2 5 5 5 3 2 5 3 2 3 5 5 5 4 5 5 3 2 3 3 3 4 4 1 2 3 1 3 3 1 3]]
RMS&Group: 1.96368046363[[2 2 2 3 2 5 5 5 3 2 5 3 2 3 5 5 5 4 5 5 3 2 3 3 3 4 4 1 2 3 1 3 3 1 3]]
RMS&Group: 1.96368046363[[2 2 2 3 2 5 5 5 3 2 5 3 2 3 5 5 5 4 5 5 3 2 3 3 3 4 4 1 2 3 1 3 3 1 3]]
RMS&Group: 1.96368046363[[2 2 2 3 2 5 5 5 3 2 5 3 2 3 5 5 5 4 5 5 3 2 3 3 3 4 4 1 2 3 1 3 3 1 3]]
RMS&Group: 1.96368046363[[2 2 2 3 2 5 5 5 3 2 5 3 2 3 5 5 5 4 5 5 3 2 3 3 3 4 4 1 2 3 1 3 3 1 3]]
RMS&Group: 1.96368046363[[2 2 2 3 2 5 5 5 3 2 5 3 2 3 5 5 5 4 5 5 3 2 3 3 3 4 4 1 2 3 1 3 3 1 3]]
RMS&Group: 1.96368046363[[2 2 2 3 2 5 5 5 3 2 5 3 2 3 5 5 5 4 5 5 3 2 3 3 3 4 4 1 2 3 1 3 3 1 3]]
RMS&Group: 1.96368046363[[2 2 2 3 2 5 5 5 3 2 5 3 2 3 5 5 5 4 5 5 3 2 3 3 3 4 4 1 2 3 1 3 3 1 3]]
RMS&Group: 1.96368046363[[2 2 2 3 2 5 5 5 3 2 5 3 2 3 5 5 5 4 5 5 3 2 3 3 3 4 4 1 2 3 1 3 3 1 3]]
RMS&Group: 1.96368046363[[2 2 2 3 2 5 5 5 3 2 5 3 2 3 5 5 5 4 5 5 3 2 3 3 3 4 4 1 2 3 1 3 3 1 3]]
RMS&Group: 1.96368046363[[2 2 2 3 2 5 5 5 3 2 5 3 2 3 5 5 5 4 5 5 3 2 3 3 3 4 4 1 2 3 1 3 3 1 3]]
RMS&Group: 1.96368046363[[2 2 2 3 2 5 5 5 3 2 5 3 2 3 5 5 5 4 5 5 3 2 3 3 3 4 4 1 2 3 1 3 3 1 3]]
RMS&Group: 1.96368046363[[2 2 2 3 2 5 5 5 3 2 5 3 2 3 5 5 5 4 5 5 3 2 3 3 3 4 4 1 2 3 1 3 3 1 3]]
RMS&Group: 1.96368046363[[2 2 2 3 2 5 5 5 3 2 5 3 2 3 5 5 5 4 5 5 3 2 3 3 3 4 4 1 2 3 1 3 3 1 3]]
RMS&Group: 1.96368046363[[2 2 2 3 2 5 5 5 3 2 5 3 2 3 5 5 5 4 5 5 3 2 3 3 3 4 4 1 2 3 1 3 3 1 3]]
RMS&Group: 1.96368046363[[2 2 2 3 2 5 5 5 3 2 5 3 2 3 5 5 5 4 5 5 3 2 3 3 3 4 4 1 2 3 1 3 3 1 3]]
RMS&Group: 1.96368046363[[2 2 2 3 2 5 5 5 3 2 5 3 2 3 5 5 5 4 5 5 3 2 3 3 3 4 4 1 2 3 1 3 3 1 3]]
RMS&Group: 1.96368046363[[2 2 2 3 2 5 5 5 3 2 5 3 2 3 5 5 5 4 5 5 3 2 3 3 3 4 4 1 2 3 1 3 3 1 3]]
RMS&Group: 1.96368046363[[2 2 2 3 2 5 5 5 3 2 5 3 2 3 5 5 5 4 5 5 3 2 3 3 3 4 4 1 2 3 1 3 3 1 3]]
RMS&Group: 1.96368046363[[2 2 2 3 2 5 5 5 3 2 5 3 2 3 5 5 5 4 5 5 3 2 3 3 3 4 4 1 2 3 1 3 3 1 3]]
RMS&Group: 1.96368046363[[2 2 2 3 2 5 5 5 3 2 5 3 2 3 5 5 5 4 5 5 3 2 3 3 3 4 4 1 2 3 1 3 3 1 3]]
RMS&Group: 1.96368046363[[2 2 2 3 2 5 5 5 3 2 5 3 2 3 5 5 5 4 5 5 3 2 3 3 3 4 4 1 2 3 1 3 3 1 3]]
RMS&Group: 1.96368046363[[2 2 2 3 2 5 5 5 3 2 5 3 2 3 5 5 5 4 5 5 3 2 3 3 3 4 4 1 2 3 1 3 3 1 3]]
RMS&Group: 1.96368046363[[2 2 2 3 2 5 5 5 3 2 5 3 2 3 5 5 5 4 5 5 3 2 3 3 3 4 4 1 2 3 1 3 3 1 3]]
RMS&Group: 1.96368046363[[2 2 2 3 2 5 5 5 3 2 5 3 2 3 5 5 5 4 5 5 3 2 3 3 3 4 4 1 2 3 1 3 3 1 3]]
RMS&Group: 1.96368046363[[2 2 2 3 2 5 5 5 3 2 5 3 2 3 5 5 5 4 5 5 3 2 3 3 3 4 4 1 2 3 1 3 3 1 3]]
RMS&Group: 1.96368046363[[2 2 2 3 2 5 5 5 3 2 5 3 2 3 5 5 5 4 5 5 3 2 3 3 3 4 4 1 2 3 1 3 3 1 3]]
RMS&Group: 1.96368046363[[2 2 2 3 2 5 5 5 3 2 5 3 2 3 5 5 5 4 5 5 3 2 3 3 3 4 4 1 2 3 1 3 3 1 3]]
RMS&Group: 1.96368046363[[2 2 2 3 2 5 5 5 3 2 5 3 2 3 5 5 5 4 5 5 3 2 3 3 3 4 4 1 2 3 1 3 3 1 3]]
RMS&Group: 1.96368046363[[2 2 2 3 2 5 5 5 3 2 5 3 2 3 5 5 5 4 5 5 3 2 3 3 3 4 4 1 2 3 1 3 3 1 3]]
RMS&Group: 1.96368046363[[2 2 2 3 2 5 5 5 3 2 5 3 2 3 5 5 5 4 5 5 3 2 3 3 3 4 4 1 2 3 1 3 3 1 3]]
RMS&Group: 1.96368046363[[2 2 2 3 2 5 5 5 3 2 5 3 2 3 5 5 5 4 5 5 3 2 3 3 3 4 4 1 2 3 1 3 3 1 3]]
RMS&Group: 1.96368046363[[2 2 2 3 2 5 5 5 3 2 5 3 2 3 5 5 5 4 5 5 3 2 3 3 3 4 4 1 2 3 1 3 3 1 3]]
RMS&Group: 1.96368046363[[2 2 2 3 2 5 5 5 3 2 5 3 2 3 5 5 5 4 5 5 3 2 3 3 3 4 4 1 2 3 1 3 3 1 3]]
RMS&Group: 1.96368046363[[2 2 2 3 2 5 5 5 3 2 5 3 2 3 5 5 5 4 5 5 3 2 3 3 3 4 4 1 2 3 1 3 3 1 3]]
RMS&Group: 1.96368046363[[2 2 2 3 2 5 5 5 3 2 5 3 2 3 5 5 5 4 5 5 3 2 3 3 3 4 4 1 2 3 1 3 3 1 3]]
RMS&Group: 1.96368046363[[2 2 2 3 2 5 5 5 3 2 5 3 2 3 5 5 5 4 5 5 3 2 3 3 3 4 4 1 2 3 1 3 3 1 3]]
RMS&Group: 1.96368046363[[2 2 2 3 2 5 5 5 3 2 5 3 2 3 5 5 5 4 5 5 3 2 3 3 3 4 4 1 2 3 1 3 3 1 3]]
RMS&Group: 1.96368046363[[2 2 2 3 2 5 5 5 3 2 5 3 2 3 5 5 5 4 5 5 3 2 3 3 3 4 4 1 2 3 1 3 3 1 3]]
RMS&Group: 1.96368046363[[2 2 2 3 2 5 5 5 3 2 5 3 2 3 5 5 5 4 5 5 3 2 3 3 3 4 4 1 2 3 1 3 3 1 3]]
RMS&Group: 1.96368046363[[2 2 2 3 2 5 5 5 3 2 5 3 2 3 5 5 5 4 5 5 3 2 3 3 3 4 4 1 2 3 1 3 3 1 3]]
RMS&Group: 1.96368046363[[2 2 2 3 2 5 5 5 3 2 5 3 2 3 5 5 5 4 5 5 3 2 3 3 3 4 4 1 2 3 1 3 3 1 3]]
RMS&Group: 1.96368046363[[2 2 2 3 2 5 5 5 3 2 5 3 2 3 5 5 5 4 5 5 3 2 3 3 3 4 4 1 2 3 1 3 3 1 3]]
RMS&Group: 1.96368046363[[2 2 2 3 2 5 5 5 3 2 5 3 2 3 5 5 5 4 5 5 3 2 3 3 3 4 4 1 2 3 1 3 3 1 3]]
RMS&Group: 1.96368046363[[2 2 2 3 2 5 5 5 3 2 5 3 2 3 5 5 5 4 5 5 3 2 3 3 3 4 4 1 2 3 1 3 3 1 3]]
RMS&Group: 1.96368046363[[2 2 2 3 2 5 5 5 3 2 5 3 2 3 5 5 5 4 5 5 3 2 3 3 3 4 4 1 2 3 1 3 3 1 3]]
RMS&Group: 1.96368046363[[2 2 2 3 2 5 5 5 3 2 5 3 2 3 5 5 5 4 5 5 3 2 3 3 3 4 4 1 2 3 1 3 3 1 3]]
RMS&Group: 1.96368046363[[2 2 2 3 2 5 5 5 3 2 5 3 2 3 5 5 5 4 5 5 3 2 3 3 3 4 4 1 2 3 1 3 3 1 3]]
RMS&Group: 1.96368046363[[2 2 2 3 2 5 5 5 3 2 5 3 2 3 5 5 5 4 5 5 3 2 3 3 3 4 4 1 2 3 1 3 3 1 3]]
RMS&Group: 1.96368046363[[2 2 2 3 2 5 5 5 3 2 5 3 2 3 5 5 5 4 5 5 3 2 3 3 3 4 4 1 2 3 1 3 3 1 3]]
RMS&Group: 1.96368046363[[2 2 2 3 2 5 5 5 3 2 5 3 2 3 5 5 5 4 5 5 3 2 3 3 3 4 4 1 2 3 1 3 3 1 3]]
RMS&Group: 1.96368046363[[2 2 2 3 2 5 5 5 3 2 5 3 2 3 5 5 5 4 5 5 3 2 3 3 3 4 4 1 2 3 1 3 3 1 3]]
RMS&Group: 1.96368046363[[2 2 2 3 2 5 5 5 3 2 5 3 2 3 5 5 5 4 5 5 3 2 3 3 3 4 4 1 2 3 1 3 3 1 3]]
RMS&Group: 1.96368046363[[2 2 2 3 2 5 5 5 3 2 5 3 2 3 5 5 5 4 5 5 3 2 3 3 3 4 4 1 2 3 1 3 3 1 3]]
RMS&Group: 1.96368046363[[2 2 2 3 2 5 5 5 3 2 5 3 2 3 5 5 5 4 5 5 3 2 3 3 3 4 4 1 2 3 1 3 3 1 3]]
RMS&Group: 1.96368046363[[2 2 2 3 2 5 5 5 3 2 5 3 2 3 5 5 5 4 5 5 3 2 3 3 3 4 4 1 2 3 1 3 3 1 3]]
RMS&Group: 1.96368046363[[2 2 2 3 2 5 5 5 3 2 5 3 2 3 5 5 5 4 5 5 3 2 3 3 3 4 4 1 2 3 1 3 3 1 3]]
RMS&Group: 1.96368046363[[2 2 2 3 2 5 5 5 3 2 5 3 2 3 5 5 5 4 5 5 3 2 3 3 3 4 4 1 2 3 1 3 3 1 3]]
RMS&Group: 1.96368046363[[2 2 2 3 2 5 5 5 3 2 5 3 2 3 5 5 5 4 5 5 3 2 3 3 3 4 4 1 2 3 1 3 3 1 3]]
RMS&Group: 1.96368046363[[2 2 2 3 2 5 5 5 3 2 5 3 2 3 5 5 5 4 5 5 3 2 3 3 3 4 4 1 2 3 1 3 3 1 3]]
RMS&Group: 1.96368046363[[2 2 2 3 2 5 5 5 3 2 5 3 2 3 5 5 5 4 5 5 3 2 3 3 3 4 4 1 2 3 1 3 3 1 3]]
RMS&Group: 1.96368046363[[2 2 2 3 2 5 5 5 3 2 5 3 2 3 5 5 5 4 5 5 3 2 3 3 3 4 4 1 2 3 1 3 3 1 3]]
RMS&Group: 1.96368046363[[2 2 2 3 2 5 5 5 3 2 5 3 2 3 5 5 5 4 5 5 3 2 3 3 3 4 4 1 2 3 1 3 3 1 3]]
RMS&Group: 1.96368046363[[2 2 2 3 2 5 5 5 3 2 5 3 2 3 5 5 5 4 5 5 3 2 3 3 3 4 4 1 2 3 1 3 3 1 3]]
RMS&Group: 1.96368046363[[2 2 2 3 2 5 5 5 3 2 5 3 2 3 5 5 5 4 5 5 3 2 3 3 3 4 4 1 2 3 1 3 3 1 3]]
RMS&Group: 1.96368046363[[2 2 2 3 2 5 5 5 3 2 5 3 2 3 5 5 5 4 5 5 3 2 3 3 3 4 4 1 2 3 1 3 3 1 3]]
RMS&Group: 1.96368046363[[2 2 2 3 2 5 5 5 3 2 5 3 2 3 5 5 5 4 5 5 3 2 3 3 3 4 4 1 2 3 1 3 3 1 3]]
RMS&Group: 1.96368046363[[2 2 2 3 2 5 5 5 3 2 5 3 2 3 5 5 5 4 5 5 3 2 3 3 3 4 4 1 2 3 1 3 3 1 3]]
RMS&Group: 1.96368046363[[2 2 2 3 2 5 5 5 3 2 5 3 2 3 5 5 5 4 5 5 3 2 3 3 3 4 4 1 2 3 1 3 3 1 3]]
RMS&Group: 1.96368046363[[2 2 2 3 2 5 5 5 3 2 5 3 2 3 5 5 5 4 5 5 3 2 3 3 3 4 4 1 2 3 1 3 3 1 3]]
RMS&Group: 1.96368046363[[2 2 2 3 2 5 5 5 3 2 5 3 2 3 5 5 5 4 5 5 3 2 3 3 3 4 4 1 2 3 1 3 3 1 3]]
RMS&Group: 1.96368046363[[2 2 2 3 2 5 5 5 3 2 5 3 2 3 5 5 5 4 5 5 3 2 3 3 3 4 4 1 2 3 1 3 3 1 3]]
RMS&Group: 1.96368046363[[2 2 2 3 2 5 5 5 3 2 5 3 2 3 5 5 5 4 5 5 3 2 3 3 3 4 4 1 2 3 1 3 3 1 3]]
RMS&Group: 1.96368046363[[2 2 2 3 2 5 5 5 3 2 5 3 2 3 5 5 5 4 5 5 3 2 3 3 3 4 4 1 2 3 1 3 3 1 3]]
RMS&Group: 1.96368046363[[2 2 2 3 2 5 5 5 3 2 5 3 2 3 5 5 5 4 5 5 3 2 3 3 3 4 4 1 2 3 1 3 3 1 3]]
RMS&Group: 1.96368046363[[2 2 2 3 2 5 5 5 3 2 5 3 2 3 5 5 5 4 5 5 3 2 3 3 3 4 4 1 2 3 1 3 3 1 3]]
RMS&Group: 1.96368046363[[2 2 2 3 2 5 5 5 3 2 5 3 2 3 5 5 5 4 5 5 3 2 3 3 3 4 4 1 2 3 1 3 3 1 3]]
RMS&Group: 1.96368046363[[2 2 2 3 2 5 5 5 3 2 5 3 2 3 5 5 5 4 5 5 3 2 3 3 3 4 4 1 2 3 1 3 3 1 3]]
RMS&Group: 1.96368046363[[2 2 2 3 2 5 5 5 3 2 5 3 2 3 5 5 5 4 5 5 3 2 3 3 3 4 4 1 2 3 1 3 3 1 3]]
RMS&Group: 1.96368046363[[2 2 2 3 2 5 5 5 3 2 5 3 2 3 5 5 5 4 5 5 3 2 3 3 3 4 4 1 2 3 1 3 3 1 3]]
RMS&Group: 1.96368046363[[2 2 2 3 2 5 5 5 3 2 5 3 2 3 5 5 5 4 5 5 3 2 3 3 3 4 4 1 2 3 1 3 3 1 3]]
RMS&Group: 1.96368046363[[2 2 2 3 2 5 5 5 3 2 5 3 2 3 5 5 5 4 5 5 3 2 3 3 3 4 4 1 2 3 1 3 3 1 3]]
RMS&Group: 1.96368046363[[2 2 2 3 2 5 5 5 3 2 5 3 2 3 5 5 5 4 5 5 3 2 3 3 3 4 4 1 2 3 1 3 3 1 3]]
RMS&Group: 1.96368046363[[2 2 2 3 2 5 5 5 3 2 5 3 2 3 5 5 5 4 5 5 3 2 3 3 3 4 4 1 2 3 1 3 3 1 3]]
RMS&Group: 1.96368046363[[2 2 2 3 2 5 5 5 3 2 5 3 2 3 5 5 5 4 5 5 3 2 3 3 3 4 4 1 2 3 1 3 3 1 3]]
RMS&Group: 1.96368046363[[2 2 2 3 2 5 5 5 3 2 5 3 2 3 5 5 5 4 5 5 3 2 3 3 3 4 4 1 2 3 1 3 3 1 3]]
RMS&Group: 1.96368046363[[2 2 2 3 2 5 5 5 3 2 5 3 2 3 5 5 5 4 5 5 3 2 3 3 3 4 4 1 2 3 1 3 3 1 3]]
RMS&Group: 1.96368046363[[2 2 2 3 2 5 5 5 3 2 5 3 2 3 5 5 5 4 5 5 3 2 3 3 3 4 4 1 2 3 1 3 3 1 3]]
RMS&Group: 1.96368046363[[2 2 2 3 2 5 5 5 3 2 5 3 2 3 5 5 5 4 5 5 3 2 3 3 3 4 4 1 2 3 1 3 3 1 3]]
RMS&Group: 1.96368046363[[2 2 2 3 2 5 5 5 3 2 5 3 2 3 5 5 5 4 5 5 3 2 3 3 3 4 4 1 2 3 1 3 3 1 3]]
RMS&Group: 1.96368046363[[2 2 2 3 2 5 5 5 3 2 5 3 2 3 5 5 5 4 5 5 3 2 3 3 3 4 4 1 2 3 1 3 3 1 3]]
RMS&Group: 1.96368046363[[2 2 2 3 2 5 5 5 3 2 5 3 2 3 5 5 5 4 5 5 3 2 3 3 3 4 4 1 2 3 1 3 3 1 3]]
RMS&Group: 1.96368046363[[2 2 2 3 2 5 5 5 3 2 5 3 2 3 5 5 5 4 5 5 3 2 3 3 3 4 4 1 2 3 1 3 3 1 3]]
RMS&Group: 1.96368046363[[2 2 2 3 2 5 5 5 3 2 5 3 2 3 5 5 5 4 5 5 3 2 3 3 3 4 4 1 2 3 1 3 3 1 3]]
RMS&Group: 1.96368046363[[2 2 2 3 2 5 5 5 3 2 5 3 2 3 5 5 5 4 5 5 3 2 3 3 3 4 4 1 2 3 1 3 3 1 3]]
RMS&Group: 1.96368046363[[2 2 2 3 2 5 5 5 3 2 5 3 2 3 5 5 5 4 5 5 3 2 3 3 3 4 4 1 2 3 1 3 3 1 3]]
RMS&Group: 1.96368046363[[2 2 2 3 2 5 5 5 3 2 5 3 2 3 5 5 5 4 5 5 3 2 3 3 3 4 4 1 2 3 1 3 3 1 3]]
RMS&Group: 1.96368046363[[2 2 2 3 2 5 5 5 3 2 5 3 2 3 5 5 5 4 5 5 3 2 3 3 3 4 4 1 2 3 1 3 3 1 3]]
RMS&Group: 1.96368046363[[2 2 2 3 2 5 5 5 3 2 5 3 2 3 5 5 5 4 5 5 3 2 3 3 3 4 4 1 2 3 1 3 3 1 3]]
RMS&Group: 1.96368046363[[2 2 2 3 2 5 5 5 3 2 5 3 2 3 5 5 5 4 5 5 3 2 3 3 3 4 4 1 2 3 1 3 3 1 3]]
RMS&Group: 1.96368046363[[2 2 2 3 2 5 5 5 3 2 5 3 2 3 5 5 5 4 5 5 3 2 3 3 3 4 4 1 2 3 1 3 3 1 3]]
RMS&Group: 1.96368046363[[2 2 2 3 2 5 5 5 3 2 5 3 2 3 5 5 5 4 5 5 3 2 3 3 3 4 4 1 2 3 1 3 3 1 3]]
RMS&Group: 1.96368046363[[2 2 2 3 2 5 5 5 3 2 5 3 2 3 5 5 5 4 5 5 3 2 3 3 3 4 4 1 2 3 1 3 3 1 3]]
RMS&Group: 1.96368046363[[2 2 2 3 2 5 5 5 3 2 5 3 2 3 5 5 5 4 5 5 3 2 3 3 3 4 4 1 2 3 1 3 3 1 3]]
RMS&Group: 1.96368046363[[2 2 2 3 2 5 5 5 3 2 5 3 2 3 5 5 5 4 5 5 3 2 3 3 3 4 4 1 2 3 1 3 3 1 3]]
RMS&Group: 1.96368046363[[2 2 2 3 2 5 5 5 3 2 5 3 2 3 5 5 5 4 5 5 3 2 3 3 3 4 4 1 2 3 1 3 3 1 3]]
RMS&Group: 1.96368046363[[2 2 2 3 2 5 5 5 3 2 5 3 2 3 5 5 5 4 5 5 3 2 3 3 3 4 4 1 2 3 1 3 3 1 3]]
RMS&Group: 1.96368046363[[2 2 2 3 2 5 5 5 3 2 5 3 2 3 5 5 5 4 5 5 3 2 3 3 3 4 4 1 2 3 1 3 3 1 3]]
RMS&Group: 1.96368046363[[2 2 2 3 2 5 5 5 3 2 5 3 2 3 5 5 5 4 5 5 3 2 3 3 3 4 4 1 2 3 1 3 3 1 3]]
RMS&Group: 1.96368046363[[2 2 2 3 2 5 5 5 3 2 5 3 2 3 5 5 5 4 5 5 3 2 3 3 3 4 4 1 2 3 1 3 3 1 3]]
RMS&Group: 1.96368046363[[2 2 2 3 2 5 5 5 3 2 5 3 2 3 5 5 5 4 5 5 3 2 3 3 3 4 4 1 2 3 1 3 3 1 3]]
RMS&Group: 1.96368046363[[2 2 2 3 2 5 5 5 3 2 5 3 2 3 5 5 5 4 5 5 3 2 3 3 3 4 4 1 2 3 1 3 3 1 3]]
RMS&Group: 1.96368046363[[2 2 2 3 2 5 5 5 3 2 5 3 2 3 5 5 5 4 5 5 3 2 3 3 3 4 4 1 2 3 1 3 3 1 3]]
RMS&Group: 1.96368046363[[2 2 2 3 2 5 5 5 3 2 5 3 2 3 5 5 5 4 5 5 3 2 3 3 3 4 4 1 2 3 1 3 3 1 3]]
RMS&Group: 1.96368046363[[2 2 2 3 2 5 5 5 3 2 5 3 2 3 5 5 5 4 5 5 3 2 3 3 3 4 4 1 2 3 1 3 3 1 3]]
RMS&Group: 1.96368046363[[2 2 2 3 2 5 5 5 3 2 5 3 2 3 5 5 5 4 5 5 3 2 3 3 3 4 4 1 2 3 1 3 3 1 3]]
RMS&Group: 1.96368046363[[2 2 2 3 2 5 5 5 3 2 5 3 2 3 5 5 5 4 5 5 3 2 3 3 3 4 4 1 2 3 1 3 3 1 3]]
RMS&Group: 1.96368046363[[2 2 2 3 2 5 5 5 3 2 5 3 2 3 5 5 5 4 5 5 3 2 3 3 3 4 4 1 2 3 1 3 3 1 3]]
RMS&Group: 1.96368046363[[2 2 2 3 2 5 5 5 3 2 5 3 2 3 5 5 5 4 5 5 3 2 3 3 3 4 4 1 2 3 1 3 3 1 3]]
RMS&Group: 1.96368046363[[2 2 2 3 2 5 5 5 3 2 5 3 2 3 5 5 5 4 5 5 3 2 3 3 3 4 4 1 2 3 1 3 3 1 3]]
RMS&Group: 1.96368046363[[2 2 2 3 2 5 5 5 3 2 5 3 2 3 5 5 5 4 5 5 3 2 3 3 3 4 4 1 2 3 1 3 3 1 3]]
RMS&Group: 1.96368046363[[2 2 2 3 2 5 5 5 3 2 5 3 2 3 5 5 5 4 5 5 3 2 3 3 3 4 4 1 2 3 1 3 3 1 3]]
RMS&Group: 1.96368046363[[2 2 2 3 2 5 5 5 3 2 5 3 2 3 5 5 5 4 5 5 3 2 3 3 3 4 4 1 2 3 1 3 3 1 3]]
RMS&Group: 1.96368046363[[2 2 2 3 2 5 5 5 3 2 5 3 2 3 5 5 5 4 5 5 3 2 3 3 3 4 4 1 2 3 1 3 3 1 3]]
RMS&Group: 1.96368046363[[2 2 2 3 2 5 5 5 3 2 5 3 2 3 5 5 5 4 5 5 3 2 3 3 3 4 4 1 2 3 1 3 3 1 3]]
RMS&Group: 1.96368046363[[2 2 2 3 2 5 5 5 3 2 5 3 2 3 5 5 5 4 5 5 3 2 3 3 3 4 4 1 2 3 1 3 3 1 3]]
RMS&Group: 1.96368046363[[2 2 2 3 2 5 5 5 3 2 5 3 2 3 5 5 5 4 5 5 3 2 3 3 3 4 4 1 2 3 1 3 3 1 3]]
RMS&Group: 1.96368046363[[2 2 2 3 2 5 5 5 3 2 5 3 2 3 5 5 5 4 5 5 3 2 3 3 3 4 4 1 2 3 1 3 3 1 3]]
RMS&Group: 1.96368046363[[2 2 2 3 2 5 5 5 3 2 5 3 2 3 5 5 5 4 5 5 3 2 3 3 3 4 4 1 2 3 1 3 3 1 3]]
RMS&Group: 1.96368046363[[2 2 2 3 2 5 5 5 3 2 5 3 2 3 5 5 5 4 5 5 3 2 3 3 3 4 4 1 2 3 1 3 3 1 3]]
RMS&Group: 1.96368046363[[2 2 2 3 2 5 5 5 3 2 5 3 2 3 5 5 5 4 5 5 3 2 3 3 3 4 4 1 2 3 1 3 3 1 3]]
RMS&Group: 1.96368046363[[2 2 2 3 2 5 5 5 3 2 5 3 2 3 5 5 5 4 5 5 3 2 3 3 3 4 4 1 2 3 1 3 3 1 3]]
RMS&Group: 1.96368046363[[2 2 2 3 2 5 5 5 3 2 5 3 2 3 5 5 5 4 5 5 3 2 3 3 3 4 4 1 2 3 1 3 3 1 3]]
RMS&Group: 1.96368046363[[2 2 2 3 2 5 5 5 3 2 5 3 2 3 5 5 5 4 5 5 3 2 3 3 3 4 4 1 2 3 1 3 3 1 3]]
RMS&Group: 1.96368046363[[2 2 2 3 2 5 5 5 3 2 5 3 2 3 5 5 5 4 5 5 3 2 3 3 3 4 4 1 2 3 1 3 3 1 3]]
RMS&Group: 1.96368046363[[2 2 2 3 2 5 5 5 3 2 5 3 2 3 5 5 5 4 5 5 3 2 3 3 3 4 4 1 2 3 1 3 3 1 3]]
RMS&Group: 1.96368046363[[2 2 2 3 2 5 5 5 3 2 5 3 2 3 5 5 5 4 5 5 3 2 3 3 3 4 4 1 2 3 1 3 3 1 3]]
RMS&Group: 1.96368046363[[2 2 2 3 2 5 5 5 3 2 5 3 2 3 5 5 5 4 5 5 3 2 3 3 3 4 4 1 2 3 1 3 3 1 3]]
RMS&Group: 1.96368046363[[2 2 2 3 2 5 5 5 3 2 5 3 2 3 5 5 5 4 5 5 3 2 3 3 3 4 4 1 2 3 1 3 3 1 3]]
RMS&Group: 1.96368046363[[2 2 2 3 2 5 5 5 3 2 5 3 2 3 5 5 5 4 5 5 3 2 3 3 3 4 4 1 2 3 1 3 3 1 3]]
RMS&Group: 1.96368046363[[2 2 2 3 2 5 5 5 3 2 5 3 2 3 5 5 5 4 5 5 3 2 3 3 3 4 4 1 2 3 1 3 3 1 3]]
RMS&Group: 1.96368046363[[2 2 2 3 2 5 5 5 3 2 5 3 2 3 5 5 5 4 5 5 3 2 3 3 3 4 4 1 2 3 1 3 3 1 3]]
RMS&Group: 1.96368046363[[2 2 2 3 2 5 5 5 3 2 5 3 2 3 5 5 5 4 5 5 3 2 3 3 3 4 4 1 2 3 1 3 3 1 3]]
RMS&Group: 1.96368046363[[2 2 2 3 2 5 5 5 3 2 5 3 2 3 5 5 5 4 5 5 3 2 3 3 3 4 4 1 2 3 1 3 3 1 3]]
RMS&Group: 1.96368046363[[2 2 2 3 2 5 5 5 3 2 5 3 2 3 5 5 5 4 5 5 3 2 3 3 3 4 4 1 2 3 1 3 3 1 3]]
RMS&Group: 1.96368046363[[2 2 2 3 2 5 5 5 3 2 5 3 2 3 5 5 5 4 5 5 3 2 3 3 3 4 4 1 2 3 1 3 3 1 3]]
RMS&Group: 1.96368046363[[2 2 2 3 2 5 5 5 3 2 5 3 2 3 5 5 5 4 5 5 3 2 3 3 3 4 4 1 2 3 1 3 3 1 3]]
RMS&Group: 1.96368046363[[2 2 2 3 2 5 5 5 3 2 5 3 2 3 5 5 5 4 5 5 3 2 3 3 3 4 4 1 2 3 1 3 3 1 3]]
RMS&Group: 1.96368046363[[2 2 2 3 2 5 5 5 3 2 5 3 2 3 5 5 5 4 5 5 3 2 3 3 3 4 4 1 2 3 1 3 3 1 3]]
RMS&Group: 1.96368046363[[2 2 2 3 2 5 5 5 3 2 5 3 2 3 5 5 5 4 5 5 3 2 3 3 3 4 4 1 2 3 1 3 3 1 3]]
RMS&Group: 1.96368046363[[2 2 2 3 2 5 5 5 3 2 5 3 2 3 5 5 5 4 5 5 3 2 3 3 3 4 4 1 2 3 1 3 3 1 3]]
RMS&Group: 1.96368046363[[2 2 2 3 2 5 5 5 3 2 5 3 2 3 5 5 5 4 5 5 3 2 3 3 3 4 4 1 2 3 1 3 3 1 3]]
RMS&Group: 1.96368046363[[2 2 2 3 2 5 5 5 3 2 5 3 2 3 5 5 5 4 5 5 3 2 3 3 3 4 4 1 2 3 1 3 3 1 3]]
RMS&Group: 1.96368046363[[2 2 2 3 2 5 5 5 3 2 5 3 2 3 5 5 5 4 5 5 3 2 3 3 3 4 4 1 2 3 1 3 3 1 3]]
RMS&Group: 1.96368046363[[2 2 2 3 2 5 5 5 3 2 5 3 2 3 5 5 5 4 5 5 3 2 3 3 3 4 4 1 2 3 1 3 3 1 3]]
RMS&Group: 1.96368046363[[2 2 2 3 2 5 5 5 3 2 5 3 2 3 5 5 5 4 5 5 3 2 3 3 3 4 4 1 2 3 1 3 3 1 3]]
RMS&Group: 1.96368046363[[2 2 2 3 2 5 5 5 3 2 5 3 2 3 5 5 5 4 5 5 3 2 3 3 3 4 4 1 2 3 1 3 3 1 3]]
RMS&Group: 1.96368046363[[2 2 2 3 2 5 5 5 3 2 5 3 2 3 5 5 5 4 5 5 3 2 3 3 3 4 4 1 2 3 1 3 3 1 3]]
RMS&Group: 1.96368046363[[2 2 2 3 2 5 5 5 3 2 5 3 2 3 5 5 5 4 5 5 3 2 3 3 3 4 4 1 2 3 1 3 3 1 3]]
RMS&Group: 1.96368046363[[2 2 2 3 2 5 5 5 3 2 5 3 2 3 5 5 5 4 5 5 3 2 3 3 3 4 4 1 2 3 1 3 3 1 3]]
RMS&Group: 1.96368046363[[2 2 2 3 2 5 5 5 3 2 5 3 2 3 5 5 5 4 5 5 3 2 3 3 3 4 4 1 2 3 1 3 3 1 3]]
RMS&Group: 1.96368046363[[2 2 2 3 2 5 5 5 3 2 5 3 2 3 5 5 5 4 5 5 3 2 3 3 3 4 4 1 2 3 1 3 3 1 3]]
RMS&Group: 1.96368046363[[2 2 2 3 2 5 5 5 3 2 5 3 2 3 5 5 5 4 5 5 3 2 3 3 3 4 4 1 2 3 1 3 3 1 3]]
RMS&Group: 1.96368046363[[2 2 2 3 2 5 5 5 3 2 5 3 2 3 5 5 5 4 5 5 3 2 3 3 3 4 4 1 2 3 1 3 3 1 3]]
RMS&Group: 1.96368046363[[2 2 2 3 2 5 5 5 3 2 5 3 2 3 5 5 5 4 5 5 3 2 3 3 3 4 4 1 2 3 1 3 3 1 3]]
RMS&Group: 1.96368046363[[2 2 2 3 2 5 5 5 3 2 5 3 2 3 5 5 5 4 5 5 3 2 3 3 3 4 4 1 2 3 1 3 3 1 3]]
RMS&Group: 1.96368046363[[2 2 2 3 2 5 5 5 3 2 5 3 2 3 5 5 5 4 5 5 3 2 3 3 3 4 4 1 2 3 1 3 3 1 3]]
RMS&Group: 1.96368046363[[2 2 2 3 2 5 5 5 3 2 5 3 2 3 5 5 5 4 5 5 3 2 3 3 3 4 4 1 2 3 1 3 3 1 3]]
RMS&Group: 1.96368046363[[2 2 2 3 2 5 5 5 3 2 5 3 2 3 5 5 5 4 5 5 3 2 3 3 3 4 4 1 2 3 1 3 3 1 3]]
RMS&Group: 1.96368046363[[2 2 2 3 2 5 5 5 3 2 5 3 2 3 5 5 5 4 5 5 3 2 3 3 3 4 4 1 2 3 1 3 3 1 3]]
RMS&Group: 1.96368046363[[2 2 2 3 2 5 5 5 3 2 5 3 2 3 5 5 5 4 5 5 3 2 3 3 3 4 4 1 2 3 1 3 3 1 3]]
RMS&Group: 1.96368046363[[2 2 2 3 2 5 5 5 3 2 5 3 2 3 5 5 5 4 5 5 3 2 3 3 3 4 4 1 2 3 1 3 3 1 3]]
RMS&Group: 1.96368046363[[2 2 2 3 2 5 5 5 3 2 5 3 2 3 5 5 5 4 5 5 3 2 3 3 3 4 4 1 2 3 1 3 3 1 3]]
RMS&Group: 1.96368046363[[2 2 2 3 2 5 5 5 3 2 5 3 2 3 5 5 5 4 5 5 3 2 3 3 3 4 4 1 2 3 1 3 3 1 3]]
RMS&Group: 1.96368046363[[2 2 2 3 2 5 5 5 3 2 5 3 2 3 5 5 5 4 5 5 3 2 3 3 3 4 4 1 2 3 1 3 3 1 3]]
RMS&Group: 1.96368046363[[2 2 2 3 2 5 5 5 3 2 5 3 2 3 5 5 5 4 5 5 3 2 3 3 3 4 4 1 2 3 1 3 3 1 3]]
RMS&Group: 1.96368046363[[2 2 2 3 2 5 5 5 3 2 5 3 2 3 5 5 5 4 5 5 3 2 3 3 3 4 4 1 2 3 1 3 3 1 3]]
RMS&Group: 1.96368046363[[2 2 2 3 2 5 5 5 3 2 5 3 2 3 5 5 5 4 5 5 3 2 3 3 3 4 4 1 2 3 1 3 3 1 3]]
RMS&Group: 1.96368046363[[2 2 2 3 2 5 5 5 3 2 5 3 2 3 5 5 5 4 5 5 3 2 3 3 3 4 4 1 2 3 1 3 3 1 3]]
RMS&Group: 1.96368046363[[2 2 2 3 2 5 5 5 3 2 5 3 2 3 5 5 5 4 5 5 3 2 3 3 3 4 4 1 2 3 1 3 3 1 3]]
RMS&Group: 1.96368046363[[2 2 2 3 2 5 5 5 3 2 5 3 2 3 5 5 5 4 5 5 3 2 3 3 3 4 4 1 2 3 1 3 3 1 3]]
RMS&Group: 1.96368046363[[2 2 2 3 2 5 5 5 3 2 5 3 2 3 5 5 5 4 5 5 3 2 3 3 3 4 4 1 2 3 1 3 3 1 3]]
RMS&Group: 1.96368046363[[2 2 2 3 2 5 5 5 3 2 5 3 2 3 5 5 5 4 5 5 3 2 3 3 3 4 4 1 2 3 1 3 3 1 3]]
RMS&Group: 1.96368046363[[2 2 2 3 2 5 5 5 3 2 5 3 2 3 5 5 5 4 5 5 3 2 3 3 3 4 4 1 2 3 1 3 3 1 3]]
RMS&Group: 1.96368046363[[2 2 2 3 2 5 5 5 3 2 5 3 2 3 5 5 5 4 5 5 3 2 3 3 3 4 4 1 2 3 1 3 3 1 3]]
RMS&Group: 1.96368046363[[2 2 2 3 2 5 5 5 3 2 5 3 2 3 5 5 5 4 5 5 3 2 3 3 3 4 4 1 2 3 1 3 3 1 3]]
RMS&Group: 1.96368046363[[2 2 2 3 2 5 5 5 3 2 5 3 2 3 5 5 5 4 5 5 3 2 3 3 3 4 4 1 2 3 1 3 3 1 3]]
RMS&Group: 1.96368046363[[2 2 2 3 2 5 5 5 3 2 5 3 2 3 5 5 5 4 5 5 3 2 3 3 3 4 4 1 2 3 1 3 3 1 3]]
RMS&Group: 1.96368046363[[2 2 2 3 2 5 5 5 3 2 5 3 2 3 5 5 5 4 5 5 3 2 3 3 3 4 4 1 2 3 1 3 3 1 3]]
RMS&Group: 1.96368046363[[2 2 2 3 2 5 5 5 3 2 5 3 2 3 5 5 5 4 5 5 3 2 3 3 3 4 4 1 2 3 1 3 3 1 3]]
RMS&Group: 1.96368046363[[2 2 2 3 2 5 5 5 3 2 5 3 2 3 5 5 5 4 5 5 3 2 3 3 3 4 4 1 2 3 1 3 3 1 3]]
RMS&Group: 1.96368046363[[2 2 2 3 2 5 5 5 3 2 5 3 2 3 5 5 5 4 5 5 3 2 3 3 3 4 4 1 2 3 1 3 3 1 3]]
RMS&Group: 1.96368046363[[2 2 2 3 2 5 5 5 3 2 5 3 2 3 5 5 5 4 5 5 3 2 3 3 3 4 4 1 2 3 1 3 3 1 3]]
RMS&Group: 1.96368046363[[2 2 2 3 2 5 5 5 3 2 5 3 2 3 5 5 5 4 5 5 3 2 3 3 3 4 4 1 2 3 1 3 3 1 3]]
RMS&Group: 1.96368046363[[2 2 2 3 2 5 5 5 3 2 5 3 2 3 5 5 5 4 5 5 3 2 3 3 3 4 4 1 2 3 1 3 3 1 3]]
RMS&Group: 1.96368046363[[2 2 2 3 2 5 5 5 3 2 5 3 2 3 5 5 5 4 5 5 3 2 3 3 3 4 4 1 2 3 1 3 3 1 3]]
RMS&Group: 1.96368046363[[2 2 2 3 2 5 5 5 3 2 5 3 2 3 5 5 5 4 5 5 3 2 3 3 3 4 4 1 2 3 1 3 3 1 3]]
RMS&Group: 1.96368046363[[2 2 2 3 2 5 5 5 3 2 5 3 2 3 5 5 5 4 5 5 3 2 3 3 3 4 4 1 2 3 1 3 3 1 3]]
RMS&Group: 1.96368046363[[2 2 2 3 2 5 5 5 3 2 5 3 2 3 5 5 5 4 5 5 3 2 3 3 3 4 4 1 2 3 1 3 3 1 3]]
RMS&Group: 1.96368046363[[2 2 2 3 2 5 5 5 3 2 5 3 2 3 5 5 5 4 5 5 3 2 3 3 3 4 4 1 2 3 1 3 3 1 3]]
RMS&Group: 1.96368046363[[2 2 2 3 2 5 5 5 3 2 5 3 2 3 5 5 5 4 5 5 3 2 3 3 3 4 4 1 2 3 1 3 3 1 3]]
RMS&Group: 1.96368046363[[2 2 2 3 2 5 5 5 3 2 5 3 2 3 5 5 5 4 5 5 3 2 3 3 3 4 4 1 2 3 1 3 3 1 3]]
RMS&Group: 1.96368046363[[2 2 2 3 2 5 5 5 3 2 5 3 2 3 5 5 5 4 5 5 3 2 3 3 3 4 4 1 2 3 1 3 3 1 3]]
RMS&Group: 1.96368046363[[2 2 2 3 2 5 5 5 3 2 5 3 2 3 5 5 5 4 5 5 3 2 3 3 3 4 4 1 2 3 1 3 3 1 3]]
RMS&Group: 1.96368046363[[2 2 2 3 2 5 5 5 3 2 5 3 2 3 5 5 5 4 5 5 3 2 3 3 3 4 4 1 2 3 1 3 3 1 3]]
RMS&Group: 1.96368046363[[2 2 2 3 2 5 5 5 3 2 5 3 2 3 5 5 5 4 5 5 3 2 3 3 3 4 4 1 2 3 1 3 3 1 3]]
RMS&Group: 1.96368046363[[2 2 2 3 2 5 5 5 3 2 5 3 2 3 5 5 5 4 5 5 3 2 3 3 3 4 4 1 2 3 1 3 3 1 3]]
RMS&Group: 1.96368046363[[2 2 2 3 2 5 5 5 3 2 5 3 2 3 5 5 5 4 5 5 3 2 3 3 3 4 4 1 2 3 1 3 3 1 3]]
RMS&Group: 1.96368046363[[2 2 2 3 2 5 5 5 3 2 5 3 2 3 5 5 5 4 5 5 3 2 3 3 3 4 4 1 2 3 1 3 3 1 3]]
RMS&Group: 1.96368046363[[2 2 2 3 2 5 5 5 3 2 5 3 2 3 5 5 5 4 5 5 3 2 3 3 3 4 4 1 2 3 1 3 3 1 3]]
RMS&Group: 1.96368046363[[2 2 2 3 2 5 5 5 3 2 5 3 2 3 5 5 5 4 5 5 3 2 3 3 3 4 4 1 2 3 1 3 3 1 3]]
RMS&Group: 1.96368046363[[2 2 2 3 2 5 5 5 3 2 5 3 2 3 5 5 5 4 5 5 3 2 3 3 3 4 4 1 2 3 1 3 3 1 3]]
RMS&Group: 1.96368046363[[2 2 2 3 2 5 5 5 3 2 5 3 2 3 5 5 5 4 5 5 3 2 3 3 3 4 4 1 2 3 1 3 3 1 3]]
RMS&Group: 1.96368046363[[2 2 2 3 2 5 5 5 3 2 5 3 2 3 5 5 5 4 5 5 3 2 3 3 3 4 4 1 2 3 1 3 3 1 3]]
RMS&Group: 1.96368046363[[2 2 2 3 2 5 5 5 3 2 5 3 2 3 5 5 5 4 5 5 3 2 3 3 3 4 4 1 2 3 1 3 3 1 3]]
RMS&Group: 1.96368046363[[2 2 2 3 2 5 5 5 3 2 5 3 2 3 5 5 5 4 5 5 3 2 3 3 3 4 4 1 2 3 1 3 3 1 3]]
RMS&Group: 1.96368046363[[2 2 2 3 2 5 5 5 3 2 5 3 2 3 5 5 5 4 5 5 3 2 3 3 3 4 4 1 2 3 1 3 3 1 3]]
RMS&Group: 1.96368046363[[2 2 2 3 2 5 5 5 3 2 5 3 2 3 5 5 5 4 5 5 3 2 3 3 3 4 4 1 2 3 1 3 3 1 3]]
RMS&Group: 1.96368046363[[2 2 2 3 2 5 5 5 3 2 5 3 2 3 5 5 5 4 5 5 3 2 3 3 3 4 4 1 2 3 1 3 3 1 3]]
Best Min RMS before changing MINRMS: 1.94139399609
RMS&Group: 1.96368046363[[2 2 2 3 2 5 5 5 3 2 5 3 2 3 5 5 5 4 5 5 3 2 3 3 3 4 4 1 2 3 1 3 3 1 3]]
RMS&Group: 1.96368046363[[2 2 2 3 2 5 5 5 3 2 5 3 2 3 5 5 5 4 5 5 3 2 3 3 3 4 4 1 2 3 1 3 3 1 3]]
RMS&Group: 1.96368046363[[2 2 2 3 2 5 5 5 3 2 5 3 2 3 5 5 5 4 5 5 3 2 3 3 3 4 4 1 2 3 1 3 3 1 3]]
RMS&Group: 1.96368046363[[2 2 2 3 2 5 5 5 3 2 5 3 2 3 5 5 5 4 5 5 3 2 3 3 3 4 4 1 2 3 1 3 3 1 3]]
RMS&Group: 1.96368046363[[2 2 2 3 2 5 5 5 3 2 5 3 2 3 5 5 5 4 5 5 3 2 3 3 3 4 4 1 2 3 1 3 3 1 3]]
RMS&Group: 1.96368046363[[2 2 2 3 2 5 5 5 3 2 5 3 2 3 5 5 5 4 5 5 3 2 3 3 3 4 4 1 2 3 1 3 3 1 3]]
RMS&Group: 1.96368046363[[2 2 2 3 2 5 5 5 3 2 5 3 2 3 5 5 5 4 5 5 3 2 3 3 3 4 4 1 2 3 1 3 3 1 3]]
RMS&Group: 1.96368046363[[2 2 2 3 2 5 5 5 3 2 5 3 2 3 5 5 5 4 5 5 3 2 3 3 3 4 4 1 2 3 1 3 3 1 3]]
RMS&Group: 1.96368046363[[2 2 2 3 2 5 5 5 3 2 5 3 2 3 5 5 5 4 5 5 3 2 3 3 3 4 4 1 2 3 1 3 3 1 3]]
