RMS&Group: 2.54135964078[[3 3 3 1 3 3 3 1 5 5 3 5 3 2 3 3 3 4 3 3 4 3 1 4 4 5 5 2 1 2 2 4 1 2 1]]
New Min RMS: 2.54135964078
RMS&Group: 2.38625870992[[3 3 3 2 3 3 3 5 5 5 3 5 3 1 1 3 3 4 3 3 4 3 1 2 5 4 5 2 1 4 2 1 1 2 1]]
New Min RMS: 2.38625870992
RMS&Group: 2.32723166969[[3 3 3 1 3 3 5 5 1 5 3 5 3 1 1 3 3 4 3 3 4 3 1 2 5 5 5 2 1 4 2 1 1 2 1]]
New Min RMS: 2.32723166969
RMS&Group: 2.30178441882[[3 3 3 1 3 3 5 5 1 5 3 5 3 1 1 3 3 4 3 3 4 3 1 1 5 5 4 2 1 1 2 1 1 2 1]]
New Min RMS: 2.30178441882
RMS&Group: 2.22128877902[[3 3 3 1 3 3 5 5 1 3 3 5 3 1 1 3 3 4 3 3 1 3 1 5 5 5 4 2 1 1 2 1 1 2 1]]
New Min RMS: 2.22128877902
RMS&Group: 2.17370932277[[3 3 3 1 3 3 1 1 1 3 3 5 3 1 1 3 3 4 3 3 1 3 1 5 5 5 4 2 1 1 2 1 1 2 1]]
New Min RMS: 2.17370932277
RMS&Group: 2.17370932277[[3 3 3 1 3 3 1 1 1 3 3 5 3 1 1 3 3 4 3 3 1 3 1 5 5 5 4 2 1 1 2 1 1 2 1]]
RMS&Group: 2.17370932277[[3 3 3 1 3 3 1 1 1 3 3 5 3 1 1 3 3 4 3 3 1 3 1 5 5 5 4 2 1 1 2 1 1 2 1]]
RMS&Group: 2.17370932277[[3 3 3 1 3 3 1 1 1 3 3 5 3 1 1 3 3 4 3 3 1 3 1 5 5 5 4 2 1 1 2 1 1 2 1]]
RMS&Group: 2.17370932277[[3 3 3 1 3 3 1 1 1 3 3 5 3 1 1 3 3 4 3 3 1 3 1 5 5 5 4 2 1 1 2 1 1 2 1]]
RMS&Group: 2.17370932277[[3 3 3 1 3 3 1 1 1 3 3 5 3 1 1 3 3 4 3 3 1 3 1 5 5 5 4 2 1 1 2 1 1 2 1]]
RMS&Group: 2.17370932277[[3 3 3 1 3 3 1 1 1 3 3 5 3 1 1 3 3 4 3 3 1 3 1 5 5 5 4 2 1 1 2 1 1 2 1]]
RMS&Group: 2.17370932277[[3 3 3 1 3 3 1 1 1 3 3 5 3 1 1 3 3 4 3 3 1 3 1 5 5 5 4 2 1 1 2 1 1 2 1]]
RMS&Group: 2.17370932277[[3 3 3 1 3 3 1 1 1 3 3 5 3 1 1 3 3 4 3 3 1 3 1 5 5 5 4 2 1 1 2 1 1 2 1]]
RMS&Group: 2.17370932277[[3 3 3 1 3 3 1 1 1 3 3 5 3 1 1 3 3 4 3 3 1 3 1 5 5 5 4 2 1 1 2 1 1 2 1]]
