RMS&Group: 2.36611723604[[6 6 6 8 6 6 1 3 2 6 1 5 1 2 6 8 1 7 1 6 7 1 8 5 5 7 4 5 6 2 5 3 3 5 8]]
New Min RMS: 2.36611723604
RMS&Group: 1.79645722292[[4 6 6 2 6 1 1 3 3 6 1 5 1 3 8 4 1 7 1 1 3 1 8 2 5 5 7 5 6 2 5 3 3 5 8]]
New Min RMS: 1.79645722292
RMS&Group: 1.60554752444[[4 4 4 3 6 1 1 8 3 6 4 2 6 3 8 4 4 7 1 1 3 1 8 2 2 5 7 5 6 2 5 3 3 5 8]]
New Min RMS: 1.60554752444
RMS&Group: 1.57935858682[[7 4 4 3 6 1 1 8 8 4 4 2 6 3 1 7 4 5 6 1 2 6 8 3 2 2 5 5 6 2 5 3 8 5 8]]
New Min RMS: 1.57935858682
RMS&Group: 1.37694176271[[4 4 7 3 6 6 1 8 8 4 7 3 6 8 1 7 4 5 6 6 3 6 1 3 2 2 5 5 1 3 5 8 8 5 8]]
New Min RMS: 1.37694176271
RMS&Group: 1.36104226705[[4 4 7 8 7 6 1 1 8 4 4 3 6 8 1 7 7 5 6 6 3 6 1 3 3 2 5 2 1 3 2 8 8 5 1]]
New Min RMS: 1.36104226705
RMS&Group: 1.33578174282[[4 4 7 8 7 6 1 1 8 4 4 3 7 8 1 4 7 2 6 6 3 6 1 3 3 3 5 2 1 3 2 8 8 2 1]]
New Min RMS: 1.33578174282
RMS&Group: 1.60715377504[[5 4 5 8 7 6 1 1 8 4 4 3 7 8 1 4 7 2 7 6 3 7 1 8 3 3 2 2 1 3 2 8 8 2 1]]
RMS&Group: 1.40281914635[[4 4 5 8 5 7 6 1 8 4 4 8 7 8 6 4 4 2 7 7 3 7 1 8 3 3 2 2 6 8 2 8 8 2 1]]
RMS&Group: 1.44048837712[[4 4 4 8 5 7 6 6 1 4 4 8 5 1 6 4 4 2 5 7 8 7 6 8 8 3 2 2 6 8 2 1 1 2 1]]
RMS&Group: 1.49887131304[[4 4 4 1 5 5 7 6 1 4 4 8 5 1 6 4 4 3 5 5 8 5 6 8 8 8 2 2 6 8 2 1 1 2 6]]
RMS&Group: 1.47757645677[[4 4 4 1 5 5 6 6 7 4 4 8 5 7 6 4 4 3 5 5 8 5 6 7 8 8 2 2 6 7 2 1 1 2 6]]
RMS&Group: 1.48377922785[[4 4 4 7 5 5 6 6 7 4 4 1 5 7 6 4 4 3 5 5 1 5 6 1 1 8 2 2 6 7 2 1 1 2 6]]
RMS&Group: 1.55492329389[[3 4 4 7 5 5 6 6 7 4 4 1 5 7 6 3 4 8 5 5 1 5 6 7 1 1 8 2 6 1 2 1 1 8 6]]
RMS&Group: 1.45249900106[[4 4 3 7 5 5 6 6 7 4 3 7 5 7 6 3 4 8 5 5 1 5 6 7 1 1 8 2 6 1 2 1 6 2 6]]
RMS&Group: 1.44498620659[[4 4 3 7 3 5 6 6 7 4 4 7 5 7 6 3 3 8 5 5 1 5 6 7 7 1 8 2 6 7 2 1 6 2 6]]
RMS&Group: 1.4153345575[[4 4 3 7 3 5 6 6 6 4 4 7 3 7 6 4 3 1 5 5 1 5 6 7 7 1 8 2 6 7 2 6 6 2 6]]
RMS&Group: 1.68155546158[[8 4 8 7 3 5 5 6 6 4 4 7 3 6 6 4 3 1 3 5 7 3 6 7 7 1 1 2 6 7 2 6 6 2 6]]
RMS&Group: 1.41072631538[[4 4 8 6 8 3 5 6 6 4 4 7 3 6 5 4 4 1 3 3 7 3 6 7 7 7 1 2 5 7 2 6 6 2 6]]
RMS&Group: 1.45422411144[[4 4 4 6 8 3 5 5 6 4 4 7 8 6 5 4 4 1 8 3 7 3 5 7 7 7 1 2 5 7 2 6 6 2 5]]
RMS&Group: 1.47635421826[[4 4 4 6 8 8 3 5 6 4 4 7 8 6 5 4 4 1 8 8 7 8 5 6 7 7 1 2 5 7 2 6 6 2 5]]
RMS&Group: 1.42024008295[[4 4 4 6 8 8 5 5 3 4 4 6 8 3 5 4 4 1 8 8 7 8 5 6 7 7 1 2 5 3 2 6 6 2 5]]
RMS&Group: 1.45056545769[[4 4 4 3 8 8 5 5 3 4 4 6 8 3 5 4 4 1 8 8 6 8 5 6 6 7 1 2 5 3 2 6 6 2 5]]
RMS&Group: 1.57118232092[[1 4 4 3 8 8 5 5 3 4 4 6 8 3 5 1 4 7 8 8 6 8 5 3 6 6 7 7 5 6 7 6 6 2 5]]
RMS&Group: 1.6410446325[[2 4 1 3 8 8 5 5 3 4 1 3 8 3 5 2 4 7 8 8 6 8 5 3 6 6 7 7 5 6 7 6 5 7 5]]
RMS&Group: 1.57954326287[[2 2 2 3 1 8 5 5 3 4 2 3 1 3 5 2 4 7 8 8 6 8 5 3 3 6 7 7 5 3 7 6 5 7 5]]
RMS&Group: 1.71851015633[[8 2 8 3 1 1 5 5 5 2 2 3 4 3 5 2 2 6 1 1 6 4 5 3 3 6 7 7 5 3 7 5 5 7 5]]
RMS&Group: 1.38665014522[[2 2 8 3 8 1 4 5 5 2 2 3 8 5 4 2 2 6 1 1 3 8 5 3 3 6 6 7 1 3 7 5 5 7 5]]
RMS&Group: 1.44203933861[[2 2 2 5 8 1 4 4 5 2 2 3 8 5 1 2 2 6 8 8 3 8 4 3 3 3 6 7 1 3 7 5 5 7 4]]
RMS&Group: 1.42094374715[[2 2 2 5 8 8 1 4 5 2 2 3 8 5 1 2 2 6 8 8 3 8 1 5 3 3 6 7 1 3 7 4 4 7 4]]
RMS&Group: 1.40786369182[[2 2 2 5 8 8 1 1 4 2 2 5 8 4 1 2 2 6 8 8 3 8 1 5 3 3 6 7 1 5 7 4 4 7 1]]
RMS&Group: 1.43627244836[[2 2 2 4 8 8 1 1 4 2 2 5 8 4 1 2 2 6 8 8 4 8 1 5 5 3 6 7 1 5 7 4 4 7 1]]
RMS&Group: 1.55164622442[[6 2 2 4 8 8 1 1 4 2 2 5 8 4 1 6 2 3 8 8 5 8 1 4 5 5 3 3 1 5 3 4 4 7 1]]
RMS&Group: 1.6333196553[[7 2 6 4 8 8 1 1 4 2 6 4 8 4 1 7 2 3 8 8 5 8 1 4 5 5 3 3 1 4 3 4 4 3 1]]
RMS&Group: 1.60506449178[[7 7 7 4 6 8 1 1 1 2 7 4 6 4 1 7 2 3 8 8 4 8 1 4 4 5 3 3 1 4 3 4 4 3 1]]
RMS&Group: 1.50324282466[[7 7 2 4 6 6 8 1 1 7 7 4 2 4 1 7 7 5 6 6 4 2 1 4 4 5 3 3 1 4 3 4 4 3 1]]
RMS&Group: 1.46197378668[[7 7 7 4 2 6 1 1 8 7 7 4 2 8 1 7 7 5 2 6 4 2 1 4 4 5 5 3 1 8 3 4 4 5 1]]
RMS&Group: 1.5208640234[[3 7 7 8 2 2 6 1 8 7 7 4 2 8 6 3 7 5 2 2 4 2 1 4 4 5 5 5 6 8 5 4 4 5 1]]
RMS&Group: 1.40627539965[[7 7 3 8 2 2 6 6 1 7 3 4 2 1 6 3 7 5 2 2 4 2 6 8 4 4 5 5 6 4 5 1 1 5 1]]
RMS&Group: 1.3843233291[[7 7 3 1 3 2 6 6 1 7 7 8 2 1 6 3 3 5 2 2 4 2 6 1 8 4 5 5 6 4 5 1 1 5 6]]
RMS&Group: 1.36808452407[[7 7 3 1 3 2 6 6 1 7 7 1 3 1 6 7 3 5 2 2 4 2 6 1 8 4 5 5 6 1 5 1 1 5 6]]
RMS&Group: 1.45907186748[[7 7 3 1 3 2 6 6 6 7 7 1 3 1 6 7 3 4 3 2 1 3 6 1 1 8 5 5 6 1 5 1 1 8 6]]
RMS&Group: 1.63795430175[[4 7 4 1 3 2 2 6 6 7 7 1 3 1 2 7 7 8 3 3 1 3 6 1 1 8 8 5 2 1 5 1 1 8 6]]
RMS&Group: 1.60438084836[[5 7 5 1 4 3 2 6 6 7 7 1 4 6 2 7 7 8 3 3 1 3 2 1 1 8 8 8 2 1 8 6 6 8 6]]
RMS&Group: 1.60709815824[[3 7 3 6 5 4 2 2 6 7 7 1 5 6 2 7 7 8 4 4 1 5 2 1 1 1 8 8 2 1 8 6 6 8 2]]
RMS&Group: 1.35825456547[[7 7 3 6 3 5 4 2 6 7 7 1 3 6 4 7 7 8 5 5 1 5 2 6 1 1 8 8 2 1 8 6 6 8 2]]
RMS&Group: 1.44964317683[[7 7 7 6 3 5 4 4 2 7 7 6 3 6 4 7 7 8 3 5 1 3 4 6 1 1 8 8 2 6 8 6 4 8 2]]
RMS&Group: 1.40657486829[[7 7 7 2 3 3 5 4 2 7 7 6 3 2 5 7 7 8 3 3 6 3 4 6 6 1 8 8 5 6 8 4 4 8 4]]
RMS&Group: 1.45715520796[[7 7 7 2 3 3 5 5 4 7 7 6 3 4 5 7 7 1 3 3 6 3 5 2 6 6 8 8 5 2 8 4 4 8 4]]
RMS&Group: 1.43365519061[[7 7 7 4 3 3 5 5 4 7 7 2 3 4 5 7 7 1 3 3 6 3 5 2 2 6 8 8 5 2 8 4 4 8 5]]
RMS&Group: 1.52311219399[[1 7 7 4 3 3 5 5 4 7 7 2 3 4 5 1 7 6 3 3 2 3 5 2 2 6 6 8 5 2 8 4 4 8 5]]
RMS&Group: 1.41582384115[[7 7 1 4 3 3 5 5 4 7 1 2 3 4 5 1 7 6 3 3 2 3 5 2 2 2 6 8 5 2 8 4 4 8 5]]
RMS&Group: 1.39899708018[[7 7 1 4 1 3 5 5 4 7 7 2 3 4 5 1 1 6 3 3 2 3 5 4 2 2 6 8 5 2 8 4 4 8 5]]
RMS&Group: 1.33017834809[[7 7 1 4 1 3 5 5 4 7 7 4 1 4 5 7 1 6 3 3 2 3 5 4 2 2 6 8 5 4 8 4 4 8 5]]
New Min RMS: 1.33017834809
RMS&Group: 1.43530589754[[7 7 1 4 1 3 5 5 5 7 7 4 1 4 5 7 1 6 1 3 4 1 5 4 4 2 6 8 5 4 8 4 4 8 5]]
RMS&Group: 1.65121064451[[6 7 6 4 1 3 3 5 5 7 7 4 1 4 3 7 7 2 1 1 4 1 5 4 4 2 2 2 3 4 2 4 4 8 5]]
RMS&Group: 1.60438084836[[8 7 8 4 6 1 3 5 5 7 7 4 6 5 3 7 7 2 1 1 4 1 3 4 4 2 2 2 3 4 2 5 5 2 5]]
RMS&Group: 1.60709815824[[1 7 1 5 8 6 3 3 5 7 7 4 8 5 3 7 7 2 6 6 4 8 3 4 4 4 2 2 3 4 2 5 5 2 3]]
RMS&Group: 1.35825456547[[7 7 1 5 1 8 6 3 5 7 7 4 1 5 6 7 7 2 8 8 4 8 3 5 4 4 2 2 3 4 2 5 5 2 3]]
RMS&Group: 1.44964317683[[7 7 7 5 1 8 6 6 3 7 7 5 1 5 6 7 7 2 1 8 4 1 6 5 4 4 2 2 3 5 2 5 6 2 3]]
RMS&Group: 1.40657486829[[7 7 7 3 1 1 8 6 3 7 7 5 1 3 8 7 7 2 1 1 5 1 6 5 5 4 2 2 8 5 2 6 6 2 6]]
RMS&Group: 1.45715520796[[7 7 7 3 1 1 8 8 6 7 7 5 1 6 8 7 7 4 1 1 5 1 8 3 5 5 2 2 8 3 2 6 6 2 6]]
RMS&Group: 1.43365519061[[7 7 7 6 1 1 8 8 6 7 7 3 1 6 8 7 7 4 1 1 5 1 8 3 3 5 2 2 8 3 2 6 6 2 8]]
RMS&Group: 1.52311219399[[4 7 7 6 1 1 8 8 6 7 7 3 1 6 8 4 7 5 1 1 3 1 8 3 3 5 5 2 8 3 2 6 6 2 8]]
RMS&Group: 1.41582384115[[7 7 4 6 1 1 8 8 6 7 4 3 1 6 8 4 7 5 1 1 3 1 8 3 3 3 5 2 8 3 2 6 6 2 8]]
RMS&Group: 1.39899708018[[7 7 4 6 4 1 8 8 6 7 7 3 1 6 8 4 4 5 1 1 3 1 8 6 3 3 5 2 8 3 2 6 6 2 8]]
RMS&Group: 1.33017834809[[7 7 4 6 4 1 8 8 6 7 7 6 4 6 8 7 4 5 1 1 3 1 8 6 3 3 5 2 8 6 2 6 6 2 8]]
RMS&Group: 1.43530589754[[7 7 4 6 4 1 8 8 8 7 7 6 4 6 8 7 4 5 4 1 6 4 8 6 6 3 5 2 8 6 2 6 6 2 8]]
RMS&Group: 1.65121064451[[5 7 5 6 4 1 1 8 8 7 7 6 4 6 1 7 7 3 4 4 6 4 8 6 6 3 3 3 1 6 3 6 6 2 8]]
RMS&Group: 1.60438084836[[2 7 2 6 5 4 1 8 8 7 7 6 5 8 1 7 7 3 4 4 6 4 1 6 6 3 3 3 1 6 3 8 8 3 8]]
RMS&Group: 1.60709815824[[4 7 4 8 2 5 1 1 8 7 7 6 2 8 1 7 7 3 5 5 6 2 1 6 6 6 3 3 1 6 3 8 8 3 1]]
RMS&Group: 1.35825456547[[7 7 4 8 4 2 5 1 8 7 7 6 4 8 5 7 7 3 2 2 6 2 1 8 6 6 3 3 1 6 3 8 8 3 1]]
RMS&Group: 1.44964317683[[7 7 7 8 4 2 5 5 1 7 7 8 4 8 5 7 7 3 4 2 6 4 5 8 6 6 3 3 1 8 3 8 5 3 1]]
RMS&Group: 1.40657486829[[7 7 7 1 4 4 2 5 1 7 7 8 4 1 2 7 7 3 4 4 8 4 5 8 8 6 3 3 2 8 3 5 5 3 5]]
RMS&Group: 1.45715520796[[7 7 7 1 4 4 2 2 5 7 7 8 4 5 2 7 7 6 4 4 8 4 2 1 8 8 3 3 2 1 3 5 5 3 5]]
RMS&Group: 1.43365519061[[7 7 7 5 4 4 2 2 5 7 7 1 4 5 2 7 7 6 4 4 8 4 2 1 1 8 3 3 2 1 3 5 5 3 2]]
RMS&Group: 1.52311219399[[6 7 7 5 4 4 2 2 5 7 7 1 4 5 2 6 7 8 4 4 1 4 2 1 1 8 8 3 2 1 3 5 5 3 2]]
RMS&Group: 1.41582384115[[7 7 6 5 4 4 2 2 5 7 6 1 4 5 2 6 7 8 4 4 1 4 2 1 1 1 8 3 2 1 3 5 5 3 2]]
RMS&Group: 1.39899708018[[7 7 6 5 6 4 2 2 5 7 7 1 4 5 2 6 6 8 4 4 1 4 2 5 1 1 8 3 2 1 3 5 5 3 2]]
RMS&Group: 1.33017834809[[7 7 6 5 6 4 2 2 5 7 7 5 6 5 2 7 6 8 4 4 1 4 2 5 1 1 8 3 2 5 3 5 5 3 2]]
RMS&Group: 1.43530589754[[7 7 6 5 6 4 2 2 2 7 7 5 6 5 2 7 6 8 6 4 5 6 2 5 5 1 8 3 2 5 3 5 5 3 2]]
RMS&Group: 1.65121064451[[8 7 8 5 6 4 4 2 2 7 7 5 6 5 4 7 7 1 6 6 5 6 2 5 5 1 1 1 4 5 1 5 5 3 2]]
RMS&Group: 1.60438084836[[3 7 3 5 8 6 4 2 2 7 7 5 8 2 4 7 7 1 6 6 5 6 4 5 5 1 1 1 4 5 1 2 2 1 2]]
RMS&Group: 1.60709815824[[6 7 6 2 3 8 4 4 2 7 7 5 3 2 4 7 7 1 8 8 5 3 4 5 5 5 1 1 4 5 1 2 2 1 4]]
RMS&Group: 1.35825456547[[7 7 6 2 6 3 8 4 2 7 7 5 6 2 8 7 7 1 3 3 5 3 4 2 5 5 1 1 4 5 1 2 2 1 4]]
RMS&Group: 1.44964317683[[7 7 7 2 6 3 8 8 4 7 7 2 6 2 8 7 7 1 6 3 5 6 8 2 5 5 1 1 4 2 1 2 8 1 4]]
RMS&Group: 1.40657486829[[7 7 7 4 6 6 3 8 4 7 7 2 6 4 3 7 7 1 6 6 2 6 8 2 2 5 1 1 3 2 1 8 8 1 8]]
RMS&Group: 1.45715520796[[7 7 7 4 6 6 3 3 8 7 7 2 6 8 3 7 7 5 6 6 2 6 3 4 2 2 1 1 3 4 1 8 8 1 8]]
RMS&Group: 1.43365519061[[7 7 7 8 6 6 3 3 8 7 7 4 6 8 3 7 7 5 6 6 2 6 3 4 4 2 1 1 3 4 1 8 8 1 3]]
RMS&Group: 1.52311219399[[5 7 7 8 6 6 3 3 8 7 7 4 6 8 3 5 7 2 6 6 4 6 3 4 4 2 2 1 3 4 1 8 8 1 3]]
RMS&Group: 1.41582384115[[7 7 5 8 6 6 3 3 8 7 5 4 6 8 3 5 7 2 6 6 4 6 3 4 4 4 2 1 3 4 1 8 8 1 3]]
RMS&Group: 1.39899708018[[7 7 5 8 5 6 3 3 8 7 7 4 6 8 3 5 5 2 6 6 4 6 3 8 4 4 2 1 3 4 1 8 8 1 3]]
RMS&Group: 1.33017834809[[7 7 5 8 5 6 3 3 8 7 7 8 5 8 3 7 5 2 6 6 4 6 3 8 4 4 2 1 3 8 1 8 8 1 3]]
RMS&Group: 1.43530589754[[7 7 5 8 5 6 3 3 3 7 7 8 5 8 3 7 5 2 5 6 8 5 3 8 8 4 2 1 3 8 1 8 8 1 3]]
RMS&Group: 1.65121064451[[2 7 2 8 5 6 6 3 3 7 7 8 5 8 6 7 7 4 5 5 8 5 3 8 8 4 4 4 6 8 4 8 8 1 3]]
RMS&Group: 1.60438084836[[1 7 1 8 2 5 6 3 3 7 7 8 2 3 6 7 7 4 5 5 8 5 6 8 8 4 4 4 6 8 4 3 3 4 3]]
RMS&Group: 1.60709815824[[5 7 5 3 1 2 6 6 3 7 7 8 1 3 6 7 7 4 2 2 8 1 6 8 8 8 4 4 6 8 4 3 3 4 6]]
RMS&Group: 1.35825456547[[7 7 5 3 5 1 2 6 3 7 7 8 5 3 2 7 7 4 1 1 8 1 6 3 8 8 4 4 6 8 4 3 3 4 6]]
RMS&Group: 1.44964317683[[7 7 7 3 5 1 2 2 6 7 7 3 5 3 2 7 7 4 5 1 8 5 2 3 8 8 4 4 6 3 4 3 2 4 6]]
RMS&Group: 1.40657486829[[7 7 7 6 5 5 1 2 6 7 7 3 5 6 1 7 7 4 5 5 3 5 2 3 3 8 4 4 1 3 4 2 2 4 2]]
RMS&Group: 1.45715520796[[7 7 7 6 5 5 1 1 2 7 7 3 5 2 1 7 7 8 5 5 3 5 1 6 3 3 4 4 1 6 4 2 2 4 2]]
RMS&Group: 1.43365519061[[7 7 7 2 5 5 1 1 2 7 7 6 5 2 1 7 7 8 5 5 3 5 1 6 6 3 4 4 1 6 4 2 2 4 1]]
RMS&Group: 1.52311219399[[8 7 7 2 5 5 1 1 2 7 7 6 5 2 1 8 7 3 5 5 6 5 1 6 6 3 3 4 1 6 4 2 2 4 1]]
RMS&Group: 1.41582384115[[7 7 8 2 5 5 1 1 2 7 8 6 5 2 1 8 7 3 5 5 6 5 1 6 6 6 3 4 1 6 4 2 2 4 1]]
RMS&Group: 1.39899708018[[7 7 8 2 8 5 1 1 2 7 7 6 5 2 1 8 8 3 5 5 6 5 1 2 6 6 3 4 1 6 4 2 2 4 1]]
RMS&Group: 1.33017834809[[7 7 8 2 8 5 1 1 2 7 7 2 8 2 1 7 8 3 5 5 6 5 1 2 6 6 3 4 1 2 4 2 2 4 1]]
RMS&Group: 1.43530589754[[7 7 8 2 8 5 1 1 1 7 7 2 8 2 1 7 8 3 8 5 2 8 1 2 2 6 3 4 1 2 4 2 2 4 1]]
RMS&Group: 1.65121064451[[3 7 3 2 8 5 5 1 1 7 7 2 8 2 5 7 7 6 8 8 2 8 1 2 2 6 6 6 5 2 6 2 2 4 1]]
RMS&Group: 1.60438084836[[4 7 4 2 3 8 5 1 1 7 7 2 3 1 5 7 7 6 8 8 2 8 5 2 2 6 6 6 5 2 6 1 1 6 1]]
RMS&Group: 1.60709815824[[8 7 8 1 4 3 5 5 1 7 7 2 4 1 5 7 7 6 3 3 2 4 5 2 2 2 6 6 5 2 6 1 1 6 5]]
RMS&Group: 1.35825456547[[7 7 8 1 8 4 3 5 1 7 7 2 8 1 3 7 7 6 4 4 2 4 5 1 2 2 6 6 5 2 6 1 1 6 5]]
RMS&Group: 1.44964317683[[7 7 7 1 8 4 3 3 5 7 7 1 8 1 3 7 7 6 8 4 2 8 3 1 2 2 6 6 5 1 6 1 3 6 5]]
RMS&Group: 1.40657486829[[7 7 7 5 8 8 4 3 5 7 7 1 8 5 4 7 7 6 8 8 1 8 3 1 1 2 6 6 4 1 6 3 3 6 3]]
RMS&Group: 1.45715520796[[7 7 7 5 8 8 4 4 3 7 7 1 8 3 4 7 7 2 8 8 1 8 4 5 1 1 6 6 4 5 6 3 3 6 3]]
RMS&Group: 1.43365519061[[7 7 7 3 8 8 4 4 3 7 7 5 8 3 4 7 7 2 8 8 1 8 4 5 5 1 6 6 4 5 6 3 3 6 4]]
RMS&Group: 1.52311219399[[2 7 7 3 8 8 4 4 3 7 7 5 8 3 4 2 7 1 8 8 5 8 4 5 5 1 1 6 4 5 6 3 3 6 4]]
RMS&Group: 1.41582384115[[7 7 2 3 8 8 4 4 3 7 2 5 8 3 4 2 7 1 8 8 5 8 4 5 5 5 1 6 4 5 6 3 3 6 4]]
RMS&Group: 1.39899708018[[7 7 2 3 2 8 4 4 3 7 7 5 8 3 4 2 2 1 8 8 5 8 4 3 5 5 1 6 4 5 6 3 3 6 4]]
RMS&Group: 1.33017834809[[7 7 2 3 2 8 4 4 3 7 7 3 2 3 4 7 2 1 8 8 5 8 4 3 5 5 1 6 4 3 6 3 3 6 4]]
RMS&Group: 1.43530589754[[7 7 2 3 2 8 4 4 4 7 7 3 2 3 4 7 2 1 2 8 3 2 4 3 3 5 1 6 4 3 6 3 3 6 4]]
RMS&Group: 1.65121064451[[1 7 1 3 2 8 8 4 4 7 7 3 2 3 8 7 7 5 2 2 3 2 4 3 3 5 5 5 8 3 5 3 3 6 4]]
RMS&Group: 1.60438084836[[6 7 6 3 1 2 8 4 4 7 7 3 1 4 8 7 7 5 2 2 3 2 8 3 3 5 5 5 8 3 5 4 4 5 4]]
RMS&Group: 1.60709815824[[2 7 2 4 6 1 8 8 4 7 7 3 6 4 8 7 7 5 1 1 3 6 8 3 3 3 5 5 8 3 5 4 4 5 8]]
RMS&Group: 1.35825456547[[7 7 2 4 2 6 1 8 4 7 7 3 2 4 1 7 7 5 6 6 3 6 8 4 3 3 5 5 8 3 5 4 4 5 8]]
RMS&Group: 1.44964317683[[7 7 7 4 2 6 1 1 8 7 7 4 2 4 1 7 7 5 2 6 3 2 1 4 3 3 5 5 8 4 5 4 1 5 8]]
RMS&Group: 1.40657486829[[7 7 7 8 2 2 6 1 8 7 7 4 2 8 6 7 7 5 2 2 4 2 1 4 4 3 5 5 6 4 5 1 1 5 1]]
RMS&Group: 1.45715520796[[7 7 7 8 2 2 6 6 1 7 7 4 2 1 6 7 7 3 2 2 4 2 6 8 4 4 5 5 6 8 5 1 1 5 1]]
RMS&Group: 1.43365519061[[7 7 7 1 2 2 6 6 1 7 7 8 2 1 6 7 7 3 2 2 4 2 6 8 8 4 5 5 6 8 5 1 1 5 6]]
RMS&Group: 1.52311219399[[3 7 7 1 2 2 6 6 1 7 7 8 2 1 6 3 7 4 2 2 8 2 6 8 8 4 4 5 6 8 5 1 1 5 6]]
RMS&Group: 1.41582384115[[7 7 3 1 2 2 6 6 1 7 3 8 2 1 6 3 7 4 2 2 8 2 6 8 8 8 4 5 6 8 5 1 1 5 6]]
RMS&Group: 1.39899708018[[7 7 3 1 3 2 6 6 1 7 7 8 2 1 6 3 3 4 2 2 8 2 6 1 8 8 4 5 6 8 5 1 1 5 6]]
RMS&Group: 1.33017834809[[7 7 3 1 3 2 6 6 1 7 7 1 3 1 6 7 3 4 2 2 8 2 6 1 8 8 4 5 6 1 5 1 1 5 6]]
New Min RMS: 1.33017834809
RMS&Group: 1.43530589754[[7 7 3 1 3 2 6 6 6 7 7 1 3 1 6 7 3 4 3 2 1 3 6 1 1 8 4 5 6 1 5 1 1 5 6]]
RMS&Group: 1.65121064451[[4 7 4 1 3 2 2 6 6 7 7 1 3 1 2 7 7 8 3 3 1 3 6 1 1 8 8 8 2 1 8 1 1 5 6]]
RMS&Group: 1.60438084836[[5 7 5 1 4 3 2 6 6 7 7 1 4 6 2 7 7 8 3 3 1 3 2 1 1 8 8 8 2 1 8 6 6 8 6]]
RMS&Group: 1.60709815824[[3 7 3 6 5 4 2 2 6 7 7 1 5 6 2 7 7 8 4 4 1 5 2 1 1 1 8 8 2 1 8 6 6 8 2]]
RMS&Group: 1.35825456547[[7 7 3 6 3 5 4 2 6 7 7 1 3 6 4 7 7 8 5 5 1 5 2 6 1 1 8 8 2 1 8 6 6 8 2]]
RMS&Group: 1.44964317683[[7 7 7 6 3 5 4 4 2 7 7 6 3 6 4 7 7 8 3 5 1 3 4 6 1 1 8 8 2 6 8 6 4 8 2]]
RMS&Group: 1.40657486829[[7 7 7 2 3 3 5 4 2 7 7 6 3 2 5 7 7 8 3 3 6 3 4 6 6 1 8 8 5 6 8 4 4 8 4]]
RMS&Group: 1.45715520796[[7 7 7 2 3 3 5 5 4 7 7 6 3 4 5 7 7 1 3 3 6 3 5 2 6 6 8 8 5 2 8 4 4 8 4]]
RMS&Group: 1.43365519061[[7 7 7 4 3 3 5 5 4 7 7 2 3 4 5 7 7 1 3 3 6 3 5 2 2 6 8 8 5 2 8 4 4 8 5]]
RMS&Group: 1.52311219399[[1 7 7 4 3 3 5 5 4 7 7 2 3 4 5 1 7 6 3 3 2 3 5 2 2 6 6 8 5 2 8 4 4 8 5]]
RMS&Group: 1.41582384115[[7 7 1 4 3 3 5 5 4 7 1 2 3 4 5 1 7 6 3 3 2 3 5 2 2 2 6 8 5 2 8 4 4 8 5]]
RMS&Group: 1.39899708018[[7 7 1 4 1 3 5 5 4 7 7 2 3 4 5 1 1 6 3 3 2 3 5 4 2 2 6 8 5 2 8 4 4 8 5]]
RMS&Group: 1.33017834809[[7 7 1 4 1 3 5 5 4 7 7 4 1 4 5 7 1 6 3 3 2 3 5 4 2 2 6 8 5 4 8 4 4 8 5]]
RMS&Group: 1.43530589754[[7 7 1 4 1 3 5 5 5 7 7 4 1 4 5 7 1 6 1 3 4 1 5 4 4 2 6 8 5 4 8 4 4 8 5]]
RMS&Group: 1.65121064451[[6 7 6 4 1 3 3 5 5 7 7 4 1 4 3 7 7 2 1 1 4 1 5 4 4 2 2 2 3 4 2 4 4 8 5]]
RMS&Group: 1.60438084836[[8 7 8 4 6 1 3 5 5 7 7 4 6 5 3 7 7 2 1 1 4 1 3 4 4 2 2 2 3 4 2 5 5 2 5]]
RMS&Group: 1.60709815824[[1 7 1 5 8 6 3 3 5 7 7 4 8 5 3 7 7 2 6 6 4 8 3 4 4 4 2 2 3 4 2 5 5 2 3]]
RMS&Group: 1.35825456547[[7 7 1 5 1 8 6 3 5 7 7 4 1 5 6 7 7 2 8 8 4 8 3 5 4 4 2 2 3 4 2 5 5 2 3]]
RMS&Group: 1.44964317683[[7 7 7 5 1 8 6 6 3 7 7 5 1 5 6 7 7 2 1 8 4 1 6 5 4 4 2 2 3 5 2 5 6 2 3]]
RMS&Group: 1.40657486829[[7 7 7 3 1 1 8 6 3 7 7 5 1 3 8 7 7 2 1 1 5 1 6 5 5 4 2 2 8 5 2 6 6 2 6]]
RMS&Group: 1.45715520796[[7 7 7 3 1 1 8 8 6 7 7 5 1 6 8 7 7 4 1 1 5 1 8 3 5 5 2 2 8 3 2 6 6 2 6]]
RMS&Group: 1.43365519061[[7 7 7 6 1 1 8 8 6 7 7 3 1 6 8 7 7 4 1 1 5 1 8 3 3 5 2 2 8 3 2 6 6 2 8]]
RMS&Group: 1.52311219399[[4 7 7 6 1 1 8 8 6 7 7 3 1 6 8 4 7 5 1 1 3 1 8 3 3 5 5 2 8 3 2 6 6 2 8]]
RMS&Group: 1.41582384115[[7 7 4 6 1 1 8 8 6 7 4 3 1 6 8 4 7 5 1 1 3 1 8 3 3 3 5 2 8 3 2 6 6 2 8]]
RMS&Group: 1.39899708018[[7 7 4 6 4 1 8 8 6 7 7 3 1 6 8 4 4 5 1 1 3 1 8 6 3 3 5 2 8 3 2 6 6 2 8]]
RMS&Group: 1.33017834809[[7 7 4 6 4 1 8 8 6 7 7 6 4 6 8 7 4 5 1 1 3 1 8 6 3 3 5 2 8 6 2 6 6 2 8]]
