RMS&Group: 0.122283329194[[2 5 5 1 5 7 6 2 1 8 5 1 2 1 6 3 5 4 3 7 2 2 2 2 1 2 6 2 5 2 6 2 2 6 2]]
New Min RMS: 0.122283329194
Group disappear: 6
RMS&Group: 0.0318625426023[[2 6 5 2 2 7 2 2 1 8 5 2 2 2 2 3 2 4 3 7 2 2 2 2 2 6 2 2 2 2 2 2 2 2 2]]
New Min RMS: 0.0318625426023
RMS&Group: 0.0219174030141[[2 2 5 2 2 7 2 2 1 8 5 2 2 2 2 3 2 4 3 7 2 2 2 2 2 6 2 2 2 2 2 2 2 2 2]]
New Min RMS: 0.0219174030141
RMS&Group: 0.0194599530397[[2 2 5 2 2 7 2 2 1 8 5 2 2 2 2 3 2 4 2 7 2 2 2 2 2 6 2 2 2 2 2 2 2 2 2]]
New Min RMS: 0.0194599530397
RMS&Group: 0.0194599530397[[2 2 5 2 2 7 2 2 1 8 5 2 2 2 2 3 2 4 2 7 2 2 2 2 2 6 2 2 2 2 2 2 2 2 2]]
RMS&Group: 0.0194599530397[[2 2 5 2 2 7 2 2 1 8 5 2 2 2 2 3 2 4 2 7 2 2 2 2 2 6 2 2 2 2 2 2 2 2 2]]
RMS&Group: 0.0194599530397[[2 2 5 2 2 7 2 2 1 8 5 2 2 2 2 3 2 4 2 7 2 2 2 2 2 6 2 2 2 2 2 2 2 2 2]]
RMS&Group: 0.0194599530397[[2 2 5 2 2 7 2 2 1 8 5 2 2 2 2 3 2 4 2 7 2 2 2 2 2 6 2 2 2 2 2 2 2 2 2]]
RMS&Group: 0.0194599530397[[2 2 5 2 2 7 2 2 1 8 5 2 2 2 2 3 2 4 2 7 2 2 2 2 2 6 2 2 2 2 2 2 2 2 2]]
RMS&Group: 0.0194599530397[[2 2 5 2 2 7 2 2 1 8 5 2 2 2 2 3 2 4 2 7 2 2 2 2 2 6 2 2 2 2 2 2 2 2 2]]
RMS&Group: 0.0194599530397[[2 2 5 2 2 7 2 2 1 8 5 2 2 2 2 3 2 4 2 7 2 2 2 2 2 6 2 2 2 2 2 2 2 2 2]]
RMS&Group: 0.0194599530397[[2 2 5 2 2 7 2 2 1 8 5 2 2 2 2 3 2 4 2 7 2 2 2 2 2 6 2 2 2 2 2 2 2 2 2]]
RMS&Group: 0.0194599530397[[2 2 5 2 2 7 2 2 1 8 5 2 2 2 2 3 2 4 2 7 2 2 2 2 2 6 2 2 2 2 2 2 2 2 2]]
