RMS&Group: 0.135370282724[[6 6 6 4 6 6 8 3 1 8 6 2 5 1 6 7 6 2 7 1 7 5 1 8 2 6 5 5 6 2 2 6 6 8 1]]
New Min RMS: 0.135370282724
Group disappear: 7
RMS&Group: 0.0230924208724[[6 6 6 4 6 6 6 3 1 7 6 6 6 6 6 7 6 6 6 6 6 5 6 8 4 2 5 5 6 6 6 6 6 8 6]]
New Min RMS: 0.0230924208724
RMS&Group: 0.0170189699086[[6 6 6 4 6 6 6 3 1 7 6 6 6 6 6 7 6 6 6 6 6 6 6 8 4 2 6 5 6 6 6 6 6 8 6]]
New Min RMS: 0.0170189699086
RMS&Group: 0.0170189699086[[6 6 6 4 6 6 6 3 1 7 6 6 6 6 6 7 6 6 6 6 6 6 6 8 4 2 6 5 6 6 6 6 6 8 6]]
RMS&Group: 0.0170189699086[[6 6 6 4 6 6 6 3 1 7 6 6 6 6 6 7 6 6 6 6 6 6 6 8 4 2 6 5 6 6 6 6 6 8 6]]
RMS&Group: 0.0170189699086[[6 6 6 4 6 6 6 3 1 7 6 6 6 6 6 7 6 6 6 6 6 6 6 8 4 2 6 5 6 6 6 6 6 8 6]]
RMS&Group: 0.0170189699086[[6 6 6 4 6 6 6 3 1 7 6 6 6 6 6 7 6 6 6 6 6 6 6 8 4 2 6 5 6 6 6 6 6 8 6]]
RMS&Group: 0.0170189699086[[6 6 6 4 6 6 6 3 1 7 6 6 6 6 6 7 6 6 6 6 6 6 6 8 4 2 6 5 6 6 6 6 6 8 6]]
RMS&Group: 0.0170189699086[[6 6 6 4 6 6 6 3 1 7 6 6 6 6 6 7 6 6 6 6 6 6 6 8 4 2 6 5 6 6 6 6 6 8 6]]
RMS&Group: 0.0170189699086[[6 6 6 4 6 6 6 3 1 7 6 6 6 6 6 7 6 6 6 6 6 6 6 8 4 2 6 5 6 6 6 6 6 8 6]]
RMS&Group: 0.0170189699086[[6 6 6 4 6 6 6 3 1 7 6 6 6 6 6 7 6 6 6 6 6 6 6 8 4 2 6 5 6 6 6 6 6 8 6]]
RMS&Group: 0.0170189699086[[6 6 6 4 6 6 6 3 1 7 6 6 6 6 6 7 6 6 6 6 6 6 6 8 4 2 6 5 6 6 6 6 6 8 6]]
