1 36.968709 -36.968709
1 25.564571 -25.564571
1 43.141973 -43.141973
1 33.176042 -33.176042
1 13.414418 -13.414418
2 -20.719070 20.719070
2 -49.234240 49.234240
1 38.084189 -38.084189
2 -126.370620 126.370620
2 -16.838218 16.838218
1 49.132588 -49.132588
2 -77.054407 77.054407
1 54.954564 -54.954564
1 20.241804 -20.241804
2 -36.790525 36.790525
2 -13.977031 13.977031
2 -15.961454 15.961454
1 36.691204 -36.691204
1 28.059767 -28.059767
2 -0.444862 0.444862
1 39.624600 -39.624600
1 25.387782 -25.387782
2 -4.615605 4.615605
1 5.055730 -5.055730
1 49.132588 -49.132588
1 35.892901 -35.892901
1 5.055730 -5.055730
2 -28.009539 28.009539
2 -0.444862 0.444862
1 35.037258 -35.037258
1 13.316393 -13.316393
1 48.030790 -48.030790
2 -23.414692 23.414692
1 48.030790 -48.030790
2 -126.370620 126.370620
2 -47.158367 47.158367
1 23.968212 -23.968212
1 31.959271 -31.959271
1 27.304858 -27.304858
1 35.908422 -35.908422
1 32.962998 -32.962998
1 38.084189 -38.084189
2 -16.140084 16.140084
1 31.168590 -31.168590
1 28.059767 -28.059767
1 50.964743 -50.964743
1 13.414418 -13.414418
1 27.264318 -27.264318
2 -47.158367 47.158367
1 49.132588 -49.132588
2 -15.391756 15.391756
1 23.116535 -23.116535
1 23.550016 -23.550016
1 37.336234 -37.336234
1 34.707089 -34.707089
1 33.098406 -33.098406
1 33.176042 -33.176042
1 23.968212 -23.968212
1 30.899421 -30.899421
1 27.304858 -27.304858
2 -126.370620 126.370620
1 39.624600 -39.624600
1 42.879371 -42.879371
1 31.944932 -31.944932
1 32.962998 -32.962998
1 26.995808 -26.995808
1 25.387782 -25.387782
2 -24.967642 24.967642
1 31.016840 -31.016840
1 26.732838 -26.732838
1 41.050469 -41.050469
1 25.387782 -25.387782
2 -47.158367 47.158367
1 43.141973 -43.141973
2 -20.159063 20.159063
1 34.137729 -34.137729
1 23.550016 -23.550016
2 -26.397458 26.397458
2 -20.159063 20.159063
1 32.636381 -32.636381
1 32.636381 -32.636381
1 49.132588 -49.132588
1 31.387828 -31.387828
1 8.196526 -8.196526
1 35.908422 -35.908422
2 -126.370620 126.370620
1 31.464204 -31.464204
2 -15.961454 15.961454
1 35.406693 -35.406693
1 40.280321 -40.280321
1 36.691204 -36.691204
1 34.575889 -34.575889
2 -15.961454 15.961454
1 40.136983 -40.136983
1 13.316393 -13.316393
1 37.621396 -37.621396
1 56.954046 -56.954046
1 27.264318 -27.264318
2 -4.615605 4.615605
1 34.707089 -34.707089
2 -58.534012 58.534012
1 23.550016 -23.550016
2 -15.961454 15.961454
1 33.098406 -33.098406
2 -65.278600 65.278600
2 -58.534012 58.534012
1 43.141973 -43.141973
1 49.132588 -49.132588
2 -26.246835 26.246835
1 35.037258 -35.037258
1 32.962998 -32.962998
1 49.999144 -49.999144
1 32.827099 -32.827099
1 28.822498 -28.822498
1 38.084189 -38.084189
1 27.797073 -27.797073
1 28.259938 -28.259938
2 -6.257241 6.257241
1 35.167616 -35.167616
2 -65.278600 65.278600
2 -16.959963 16.959963
1 41.050469 -41.050469
1 31.539359 -31.539359
2 -35.590936 35.590936
1 31.959271 -31.959271
1 30.648099 -30.648099
2 -16.838218 16.838218
1 25.564571 -25.564571
1 46.672663 -46.672663
1 32.636381 -32.636381
1 29.487400 -29.487400
1 42.879371 -42.879371
1 29.244018 -29.244018
2 -18.747535 18.747535
1 28.059767 -28.059767
2 -26.246835 26.246835
1 49.132588 -49.132588
2 -16.140084 16.140084
2 -35.590936 35.590936
1 13.316393 -13.316393
1 23.116535 -23.116535
2 -18.747535 18.747535
1 41.050469 -41.050469
1 38.056154 -38.056154
1 20.552248 -20.552248
1 48.142429 -48.142429
1 35.190235 -35.190235
1 32.636381 -32.636381
1 27.304858 -27.304858
1 30.671142 -30.671142
2 -113.989580 113.989580
2 -24.967642 24.967642
1 49.999144 -49.999144
2 -65.278600 65.278600
1 40.280321 -40.280321
1 39.624600 -39.624600
1 25.623549 -25.623549
1 28.357525 -28.357525
2 -16.140084 16.140084
1 31.016840 -31.016840
1 29.487400 -29.487400
1 41.050469 -41.050469
1 41.050469 -41.050469
2 -6.257241 6.257241
2 -6.257241 6.257241
1 19.655455 -19.655455
1 13.316393 -13.316393
1 35.908422 -35.908422
1 23.550016 -23.550016
1 27.264318 -27.264318
1 21.413006 -21.413006
1 21.413006 -21.413006
2 -35.556257 35.556257
1 32.715985 -32.715985
2 -20.024129 20.024129
1 27.797073 -27.797073
1 31.016840 -31.016840
1 30.333397 -30.333397
2 -16.140084 16.140084
2 -13.977031 13.977031
1 14.391624 -14.391624
1 56.954046 -56.954046
1 30.671142 -30.671142
1 25.387782 -25.387782
1 35.406693 -35.406693
2 -31.386459 31.386459
2 -15.391756 15.391756
2 -15.961454 15.961454
2 -20.719070 20.719070
2 -20.159063 20.159063
2 -4.512503 4.512503
2 -15.391756 15.391756
1 29.487400 -29.487400
1 23.968212 -23.968212
1 54.954564 -54.954564
2 -24.967642 24.967642
1 49.999144 -49.999144
1 30.899421 -30.899421
1 31.387828 -31.387828
1 30.153624 -30.153624
2 -20.024129 20.024129
1 20.241804 -20.241804
2 -4.512503 4.512503
1 38.817816 -38.817816
1 38.732508 -38.732508
1 31.016840 -31.016840
2 -65.278600 65.278600
1 31.944932 -31.944932
1 30.153624 -30.153624
2 -16.140084 16.140084
2 -35.590936 35.590936
1 20.241804 -20.241804
1 25.387782 -25.387782
1 35.908422 -35.908422
1 30.648099 -30.648099
2 -65.278600 65.278600
1 17.638986 -17.638986
1 28.903764 -28.903764
1 42.879371 -42.879371
1 43.141973 -43.141973
1 51.546928 -51.546928
1 29.244018 -29.244018
1 49.132588 -49.132588
1 13.316393 -13.316393
1 41.628895 -41.628895
1 49.132588 -49.132588
2 -20.482404 20.482404
1 25.969021 -25.969021
2 -65.278600 65.278600
1 32.962998 -32.962998
2 -16.140084 16.140084
1 26.732838 -26.732838
1 36.691204 -36.691204
1 27.571784 -27.571784
1 36.691204 -36.691204
1 33.176042 -33.176042
1 50.349291 -50.349291
1 31.254635 -31.254635
1 31.387828 -31.387828
2 -35.556257 35.556257
1 48.142429 -48.142429
1 33.176042 -33.176042
1 31.944932 -31.944932
1 28.105485 -28.105485
1 5.055730 -5.055730
1 35.037258 -35.037258
1 37.621396 -37.621396
1 35.037258 -35.037258
2 -113.989580 113.989580
1 19.992800 -19.992800
2 -26.397458 26.397458
2 -33.426754 33.426754
1 32.715985 -32.715985
2 -20.024129 20.024129
1 50.964743 -50.964743
1 33.176042 -33.176042
1 51.546928 -51.546928
2 -15.391756 15.391756
2 -18.747535 18.747535
2 -18.411653 18.411653
2 -77.054407 77.054407
2 -20.482404 20.482404
1 56.954046 -56.954046
1 29.244018 -29.244018
1 33.279547 -33.279547
2 -23.414692 23.414692
1 19.992800 -19.992800
1 31.959271 -31.959271
1 53.693549 -53.693549
1 56.954046 -56.954046
1 8.196526 -8.196526
1 35.908422 -35.908422
1 40.136983 -40.136983
2 -113.989580 113.989580
1 49.132588 -49.132588
1 41.628895 -41.628895
1 48.142429 -48.142429
2 -26.397458 26.397458
1 42.022978 -42.022978
1 23.116535 -23.116535
1 49.999144 -49.999144
1 31.168590 -31.168590
2 -20.024129 20.024129
1 53.693549 -53.693549
1 41.499400 -41.499400
1 29.487400 -29.487400
1 38.056154 -38.056154
1 27.264318 -27.264318
1 33.279547 -33.279547
1 19.992800 -19.992800
1 31.387828 -31.387828
1 34.575889 -34.575889
2 -15.961454 15.961454
1 42.879371 -42.879371
1 37.336234 -37.336234
1 31.464204 -31.464204
2 -77.054407 77.054407
1 31.387828 -31.387828
1 13.414418 -13.414418
1 46.672663 -46.672663
1 48.142429 -48.142429
1 27.571784 -27.571784
1 49.132588 -49.132588
1 33.176042 -33.176042
1 37.336234 -37.336234
1 13.414418 -13.414418
1 40.280321 -40.280321
1 48.030790 -48.030790
1 35.190235 -35.190235
2 -36.845068 36.845068
1 17.638986 -17.638986
1 29.222757 -29.222757
2 -49.234240 49.234240
1 13.316393 -13.316393
1 23.116535 -23.116535
1 35.037258 -35.037258
1 46.672663 -46.672663
1 30.648099 -30.648099
2 -25.267970 25.267970
1 35.190235 -35.190235
2 -126.370620 126.370620
1 28.903764 -28.903764
2 -126.370620 126.370620
1 42.022978 -42.022978
2 -33.426754 33.426754
1 32.715985 -32.715985
1 31.959271 -31.959271
1 32.715985 -32.715985
1 35.118860 -35.118860
2 -20.024129 20.024129
2 -20.159063 20.159063
1 37.621396 -37.621396
1 30.153624 -30.153624
2 -36.790525 36.790525
1 35.892901 -35.892901
2 -36.845068 36.845068
1 36.968709 -36.968709
2 -20.024129 20.024129
2 -6.257241 6.257241
2 -58.534012 58.534012
1 29.244018 -29.244018
1 40.136983 -40.136983
1 49.132588 -49.132588
2 -15.961454 15.961454
2 -16.140084 16.140084
1 10.871851 -10.871851
1 33.098406 -33.098406
1 30.153624 -30.153624
1 28.059767 -28.059767
2 -36.845068 36.845068
1 22.375819 -22.375819
2 -20.719070 20.719070
1 41.050469 -41.050469
2 -6.257241 6.257241
2 -26.397458 26.397458
1 27.304858 -27.304858
1 22.375819 -22.375819
1 42.879371 -42.879371
1 19.655455 -19.655455
1 30.648099 -30.648099
1 48.030790 -48.030790
2 -4.512503 4.512503
1 40.280321 -40.280321
1 30.333397 -30.333397
1 29.244018 -29.244018
2 -23.414692 23.414692
2 -14.933605 14.933605
1 49.999144 -49.999144
1 20.552248 -20.552248
1 27.181692 -27.181692
1 37.336234 -37.336234
2 -33.426754 33.426754
2 -33.426754 33.426754
1 43.141973 -43.141973
2 -15.961454 15.961454
1 48.030790 -48.030790
2 -18.411653 18.411653
1 50.349291 -50.349291
1 37.621396 -37.621396
1 10.871851 -10.871851
1 40.136983 -40.136983
2 -20.024129 20.024129
1 32.636381 -32.636381
1 51.546928 -51.546928
1 31.168590 -31.168590
1 36.691204 -36.691204
1 35.167616 -35.167616
1 43.141973 -43.141973
1 10.871851 -10.871851
1 49.999144 -49.999144
1 25.564571 -25.564571
1 28.918523 -28.918523
1 29.487400 -29.487400
2 -35.556257 35.556257
2 -35.556257 35.556257
1 28.357525 -28.357525
1 33.098406 -33.098406
1 30.899421 -30.899421
1 33.098406 -33.098406
1 28.822498 -28.822498
2 -20.159063 20.159063
1 36.968709 -36.968709
1 32.962998 -32.962998
1 5.055730 -5.055730
1 23.116535 -23.116535
1 36.968709 -36.968709
1 50.349291 -50.349291
1 52.313587 -52.313587
1 25.564571 -25.564571
2 -20.482404 20.482404
1 35.118860 -35.118860
1 48.142429 -48.142429
1 56.954046 -56.954046
2 -14.933605 14.933605
1 4.846923 -4.846923
1 48.142429 -48.142429
2 -28.009539 28.009539
1 35.908422 -35.908422
1 30.671142 -30.671142
2 -77.054407 77.054407
1 27.304858 -27.304858
1 29.487400 -29.487400
2 -23.414692 23.414692
1 51.546928 -51.546928
1 49.999144 -49.999144
1 28.259938 -28.259938
2 -4.512503 4.512503
1 56.954046 -56.954046
1 35.908422 -35.908422
1 39.624600 -39.624600
2 -26.397458 26.397458
1 35.167616 -35.167616
1 19.655455 -19.655455
1 41.050469 -41.050469
2 -4.512503 4.512503
1 39.624600 -39.624600
2 -16.838218 16.838218
2 -20.482404 20.482404
1 50.349291 -50.349291
2 -65.278600 65.278600
1 51.546928 -51.546928
2 -33.426754 33.426754
1 39.624600 -39.624600
2 -20.719070 20.719070
1 28.059767 -28.059767
2 -25.267970 25.267970
1 27.797073 -27.797073
1 50.964743 -50.964743
1 46.672663 -46.672663
1 32.827099 -32.827099
2 -15.961454 15.961454
1 20.552248 -20.552248
1 41.499400 -41.499400
2 -28.009539 28.009539
1 48.142429 -48.142429
2 -20.159063 20.159063
2 -28.009539 28.009539
2 -35.556257 35.556257
1 29.222757 -29.222757
1 28.822498 -28.822498
1 56.954046 -56.954046
1 34.137729 -34.137729
1 29.487400 -29.487400
1 49.132588 -49.132588
1 39.624600 -39.624600
1 22.244282 -22.244282
1 22.375819 -22.375819
1 29.487400 -29.487400
2 -13.977031 13.977031
1 35.037258 -35.037258
1 33.098406 -33.098406
2 -15.391756 15.391756
1 34.575889 -34.575889
2 -16.838218 16.838218
2 -18.411653 18.411653
1 48.030790 -48.030790
1 35.167616 -35.167616
1 36.968709 -36.968709
1 37.336234 -37.336234
1 29.244018 -29.244018
2 -35.556257 35.556257
1 38.056154 -38.056154
1 31.944932 -31.944932
1 48.142429 -48.142429
1 34.575889 -34.575889
1 35.037258 -35.037258
2 -49.234240 49.234240
2 -36.845068 36.845068
1 34.707089 -34.707089
2 -20.159063 20.159063
1 38.817816 -38.817816
1 43.141973 -43.141973
1 34.575889 -34.575889
2 -113.989580 113.989580
2 -65.278600 65.278600
1 28.357525 -28.357525
2 -126.370620 126.370620
1 53.693549 -53.693549
1 31.944932 -31.944932
1 29.222757 -29.222757
