4.770607414715320738e-03 8.636075866529754202e-03 -5.348825519670124401e-04 4.402712571347609447e-03 2.778958277688741568e-03 -6.136950713545211156e-03 -8.612570466969872440e-05 -9.444442484865742116e-04 0.000000000000000000e+00 5.291499759067426825e-03 0.000000000000000000e+00 0.000000000000000000e+00
6.995553370273626705e-03 5.881574316182991771e-03 -4.118441903110179117e-03 1.188626092116465936e-02 6.549747327253646568e-04 -3.254327326132263991e-03 -8.545087913350566441e-04 8.277913110875528835e-04 0.000000000000000000e+00 1.853585710426146338e-03 0.000000000000000000e+00 0.000000000000000000e+00
1.415631335922447678e-02 6.327847508394584836e-04 -2.738064475146757132e-02 1.941597842558738518e-02 3.288798950359314577e-04 2.106418278769304694e-02 1.154807875401665102e-03 1.955733575702105209e-03 0.000000000000000000e+00 -2.382270262808246220e-03 0.000000000000000000e+00 0.000000000000000000e+00
8.167845928067827416e-03 1.406684443991670919e-02 -3.175645202637779330e-02 5.410666068589212174e-03 -3.615883836778494009e-04 2.180380779415731773e-02 -1.321505340368331338e-03 -6.790440670647601706e-04 0.000000000000000000e+00 1.507261509243463908e-02 0.000000000000000000e+00 0.000000000000000000e+00
2.042978335893796960e-02 2.200459338470414639e-02 -5.034675043392070060e-03 -2.406677229044862365e-03 1.291074256749558113e-02 4.368566080057756373e-03 0.000000000000000000e+00 -2.665781048488979899e-02 0.000000000000000000e+00 3.724931131115927219e-02 0.000000000000000000e+00 0.000000000000000000e+00
3.373911093030004110e-03 -1.643401422655283665e-03 -2.437704825564296351e-02 4.398486419540660608e-02 9.544786429334114683e-03 -2.470692324934031792e-02 3.516405973140322022e-03 -5.750204672400588413e-03 0.000000000000000000e+00 1.162316905526986771e-03 0.000000000000000000e+00 0.000000000000000000e+00
-4.206083397258314135e-03 1.368659721799214343e-02 -2.148871193071802063e-02 8.625631877592802171e-03 -2.998926272094995689e-04 1.260534703349998689e-02 -5.893773441271333430e-04 -1.650782803024608558e-03 0.000000000000000000e+00 -1.408151896105411943e-03 0.000000000000000000e+00 0.000000000000000000e+00
-4.206761376782675033e-02 2.398053015666593360e-02 3.289289293446658047e-02 3.500853996097315346e-02 -4.661918756408321013e-02 -1.263864167108281200e-01 3.335422657559866666e-02 5.462696990185242352e-03 0.000000000000000000e+00 2.422114877536230004e-02 0.000000000000000000e+00 0.000000000000000000e+00
5.087809303279669168e-03 6.350468198181534289e-03 5.373153773302446687e-03 9.206876223664957337e-03 -1.836293774747580669e-03 -3.562106727948368898e-03 0.000000000000000000e+00 -7.692367674276001654e-04 0.000000000000000000e+00 -3.324412278340216007e-03 0.000000000000000000e+00 0.000000000000000000e+00
5.377284353297186181e-03 1.165454445345137126e-02 -1.900774309879893487e-03 2.366623687145637256e-03 -2.994011856920124684e-04 -3.804153245574648512e-03 2.783947159221984713e-03 3.289092093493872770e-04 0.000000000000000000e+00 5.902274973090336496e-03 0.000000000000000000e+00 0.000000000000000000e+00
9.158089848072314965e-03 4.537857355372709733e-03 6.636771644693784111e-03 8.309709923218111527e-03 6.607620073079467637e-03 -2.462093238042584176e-05 -1.811465980046111923e-03 0.000000000000000000e+00 0.000000000000000000e+00 -1.056045710519892822e-02 0.000000000000000000e+00 0.000000000000000000e+00
1.191109285259062123e-02 -9.618748986889510966e-04 1.822921561213906860e-02 1.582987728233664626e-02 5.432895981106307393e-03 1.569544411447382215e-03 -1.351569144406289391e-02 -2.846253496784190151e-03 0.000000000000000000e+00 -1.278898133111359969e-02 0.000000000000000000e+00 0.000000000000000000e+00
-1.021281961419769936e-02 2.175041183712855125e-02 -2.664036685328824774e-02 4.545209649196880856e-03 2.889611961274183563e-04 -9.579365301694004256e-03 3.743769271298837131e-02 2.065367947624914546e-03 0.000000000000000000e+00 -1.832941926534426696e-02 0.000000000000000000e+00 0.000000000000000000e+00
3.534118706270286125e-01 3.154228055996126656e-01 8.836658986887990785e-02 2.645577530004938893e-01 0.000000000000000000e+00 0.000000000000000000e+00 0.000000000000000000e+00 0.000000000000000000e+00 0.000000000000000000e+00 0.000000000000000000e+00 4.877705438373833302e-04 0.000000000000000000e+00
3.522478334388706722e-03 1.641778243766736992e-02 -1.909166110747853584e-02 -1.373722488999612468e-02 -1.388266465171449082e-03 4.777364581788592912e-02 1.079991878725367754e-02 -2.045263798762672613e-03 0.000000000000000000e+00 -1.878786457436362745e-02 0.000000000000000000e+00 0.000000000000000000e+00
2.967789093226680386e-02 -1.196572859625799623e-02 4.348288271525069248e-02 1.581461620448276761e-02 2.022615718784537275e-02 -2.694496060801521153e-02 -3.529382500996103289e-03 0.000000000000000000e+00 0.000000000000000000e+00 -1.937214571114154182e-02 0.000000000000000000e+00 0.000000000000000000e+00
5.387239210418372226e-02 -3.898670921343069806e-02 1.008528555417786687e-01 -3.633569943655980128e-02 5.410594735775317576e-02 -4.227441151808246367e-02 4.224296924562498390e-03 -6.643856414092041973e-03 0.000000000000000000e+00 -2.005677839868955786e-02 0.000000000000000000e+00 0.000000000000000000e+00
-8.411825853305794675e-04 -1.077611235799176385e-02 1.054399084309225751e-03 4.669344676737358785e-02 2.643760736453625720e-03 -3.576176611885718837e-02 -3.725414420887918510e-03 -5.245477415841357134e-03 0.000000000000000000e+00 -6.512157851011599052e-03 0.000000000000000000e+00 1.232934001437854701e-05
-6.761652659085903849e-03 2.777436570338701061e-02 -4.308932981108237747e-03 1.445843422314962989e-02 1.376402242281793420e-02 -3.095175308961706229e-02 2.694916517287815338e-03 3.975673123057132941e-02 0.000000000000000000e+00 -4.217501089853792351e-02 0.000000000000000000e+00 0.000000000000000000e+00
1.604953035461276212e-02 1.593992167621194334e-02 6.107304507398314541e-02 1.406924035931433892e-02 1.423822552697329158e-02 3.236682049196426547e-02 -1.162268742052052772e-04 -5.457485131284767199e-02 0.000000000000000000e+00 -5.100544145111673977e-02 0.000000000000000000e+00 0.000000000000000000e+00
