195.754	203.412	0	0	0	0	47.1935	59.832996	0	0	0	0	0	0	0	0	0	0	39.597166	0	0	0	0	21.030875	0	0	0	0	0	0	0	0	0	0	0	0	0	0	0	0	0	0	0	28.099016	0	0	0	0	0	0	0
226.476	219.848	0	0	0	0	53.696898	70.604495	0	0	0	0	0	0	0	0	0	0	18.701073	0	4.807273	0	0	20.936174	29.289817	0	0	0	0	0	0	0	0	0	0	0	0	0	0	0	0	0	0	28.439946	0	0	0	0	0	0	0
159.705	142.544	0	0	0	0	70.827184	0	0	0	0	0	0	0	0	0	0	0	18.440541	5.391477	0	0	0	0	42.869136	0	0	0	0	0	0	0	0	0	0	0	0	0	0	0	0	0	0	22.17646	0	0	0	0	0	0	0
106.657	90.616	0	0	0	0	44.204353	0	0	0	0	0	0	0	0	0	0	0	26.450043	9.672207	0	0	0	0	0	0	0	0	0	0	0	0	0	0	0	0	0	0	0	0	0	0	0	26.33059	0	0	0	0	0	0	0
134.142	120.724	0	0	0	0	54.420268	0	0	0	0	0	0	0	0	0	0	0	39.133648	0	5.098908	0	0	0	0	0	0	0	0	0	0	0	0	0	0	0	0	0	0	0	0	0	0	35.489	0	0	0	0	0	0	0
146.243	138.648	0	0	0	0	60.55955	0	0	0	0	0	0	0	0	0	0	0	38.835342	0	0	0	0	0	14.935051	0	0	0	0	0	0	0	0	0	0	0	0	0	0	0	0	0	0	31.91349	0	0	0	0	0	0	0
174.25	168.644	0	0	0	0	72.218055	0	0	0	0	0	0	0	0	0	0	0	61.912859	0	0	0	0	0	0	0	0	0	0	0	0	0	0	0	0	0	0	0	0	0	0	0	0	40.119448	0	0	0	0	0	0	0
59.2526	41.724	0	0	51.00406	0	0	0	0	0	0	0	0	0	0	0	0	0	0	0	0	0	0	8.248529	0	0	0	0	0	0	0	0	0	0	0	0	0	0	0	0	0	0	0	0	0	0	0	0	0	0	0
78.0595	58.796	0	0	40.50123	0	19.91737	0	0	0	0	0	0	0	0	0	0	0	0	0	0	0	0	4.172637	13.468244	0	0	0	0	0	0	0	0	0	0	0	0	0	0	0	0	0	0	0	0	0	0	0	0	0	0
96.3215	76.392	0	0	40.0913	0	28.64306	0	0	0	0	0	0	0	0	0	0	0	0	0	0	0	0	3.844846	23.742309	0	0	0	0	0	0	0	0	0	0	0	0	0	0	0	0	0	0	0	0	0	0	0	0	0	0
114.267	94.12	0	0	39.88777	0	35.779523	0	0	0	0	0	0	0	0	0	0	0	0	0	0	0	0	3.922195	34.677315	0	0	0	0	0	0	0	0	0	0	0	0	0	0	0	0	0	0	0	0	0	0	0	0	0	0
150.44	130.04	0	0	39.72715	0	51.060309	0	0	0	0	0	0	0	0	0	0	0	0	0	0	0	0	3.986579	55.666083	0	0	0	0	0	0	0	0	0	0	0	0	0	0	0	0	0	0	0	0	0	0	0	0	0	0
168.121	147.58	0	0	39.49527	0	58.839423	0	0	0	0	0	0	0	0	0	0	0	0	0	0	0	0	3.910126	65.875991	0	0	0	0	0	0	0	0	0	0	0	0	0	0	0	0	0	0	0	0	0	0	0	0	0	0
132.285	112.168	0	0	39.45075	0	43.639579	0	0	0	0	0	0	0	0	0	0	0	0	0	0	0	0	4.033428	45.161273	0	0	0	0	0	0	0	0	0	0	0	0	0	0	0	0	0	0	0	0	0	0	0	0	0	0
186.972	166.232	0	0	39.69969	0	66.189117	0	0	0	0	0	0	0	0	0	0	0	0	0	0	0	0	3.914212	77.16912	0	0	0	0	0	0	0	0	0	0	0	0	0	0	0	0	0	0	0	0	0	0	0	0	0	0
62.546	44.484	0	0	0	45.97491	0	0	0	0	0	0	0	0	0	0	0	0	0	0	0	0	0	16.57105	0	0	0	0	0	0	0	0	0	0	0	0	0	0	0	0	0	0	0	0	0	0	0	0	0	0	0
98.6025	79.896	0	0	0	33.37584	27.626582	0	0	0	0	0	0	0	0	0	0	0	0	0	0	0	0	13.475283	24.124833	0	0	0	0	0	0	0	0	0	0	0	0	0	0	0	0	0	0	0	0	0	0	0	0	0	0
116.998	97.62	0	0	0	33.85972	35.050548	0	0	0	0	0	0	0	0	0	0	0	0	0	0	0	0	13.128051	34.959321	0	0	0	0	0	0	0	0	0	0	0	0	0	0	0	0	0	0	0	0	0	0	0	0	0	0
171.557	151.736	0	0	0	33.47197	57.962005	0	0	0	0	0	0	0	0	0	0	0	0	0	0	0	0	13.284831	66.837777	0	0	0	0	0	0	0	0	0	0	0	0	0	0	0	0	0	0	0	0	0	0	0	0	0	0
81.082	62.028	0	0	0	36.43244	18.693	0	0	0	0	0	0	0	0	0	0	0	0	0	0	0	0	12.395998	13.560587	0	0	0	0	0	0	0	0	0	0	0	0	0	0	0	0	0	0	0	0	0	0	0	0	0	0
98.36	79.964	0	0	0	26.35548	34.53812	0	0	0	0	0	0	0	0	0	0	0	0	0	0	0	0	8.894766	28.571639	0	0	0	0	0	0	0	0	0	0	0	0	0	0	0	0	0	0	0	0	0	0	0	0	0	0
114.593	97.092	0	0	0	17.908277	50.84362	0	0	0	0	0	0	0	0	0	0	0	0	0	0	0	0	5.046152	40.794474	0	0	0	0	0	0	0	0	0	0	0	0	0	0	0	0	0	0	0	0	0	0	0	0	0	0
115.331	97.996	0	0	0	31.46002	34.969085	0	0	0	0	0	0	0	0	0	0	0	0	0	0	0	0	13.680611	35.221007	0	0	0	0	0	0	0	0	0	0	0	0	0	0	0	0	0	0	0	0	0	0	0	0	0	0
132.494	120.108	0	0	0	18.524248	54.117535	0	0	0	0	0	0	0	0	0	0	0	0	0	0	0	0	4.428093	55.424447	0	0	0	0	0	0	0	0	0	0	0	0	0	0	0	0	0	0	0	0	0	0	0	0	0	0
135.212	115.46	0	0	0	33.65194	42.755429	0	0	0	0	0	0	0	0	0	0	0	0	0	0	0	0	13.314355	45.490157	0	0	0	0	0	0	0	0	0	0	0	0	0	0	0	0	0	0	0	0	0	0	0	0	0	0
153.355	133.684	0	0	0	33.94209	50.491111	0	0	0	0	0	0	0	0	0	0	0	0	0	0	0	0	13.176596	55.745495	0	0	0	0	0	0	0	0	0	0	0	0	0	0	0	0	0	0	0	0	0	0	0	0	0	0
153.718	133.104	0	0	0	23.55716	61.473764	0	0	0	0	0	0	0	0	0	0	0	0	0	0	0	0	9.406521	59.280872	0	0	0	0	0	0	0	0	0	0	0	0	0	0	0	0	0	0	0	0	0	0	0	0	0	0
130.828	116.384	0	0	0	30.84578	40.463406	0	0	0	0	0	0	0	0	0	0	0	0	0	0	0	0	14.012122	45.506997	0	0	0	0	0	0	0	0	0	0	0	0	0	0	0	0	0	0	0	0	0	0	0	0	0	0
132.667	115.772	0	0	0	25.284662	50.14984	0	0	0	0	0	0	0	0	0	0	0	0	0	0	0	0	8.937939	48.294796	0	0	0	0	0	0	0	0	0	0	0	0	0	0	0	0	0	0	0	0	0	0	0	0	0	0
189.827	169.656	0	0	0	33.61461	65.517907	0	0	0	0	0	0	0	0	0	0	0	0	0	0	0	0	13.224245	77.470723	0	0	0	0	0	0	0	0	0	0	0	0	0	0	0	0	0	0	0	0	0	0	0	0	0	0
153.718	133.104	0	0	0	23.55716	61.473764	0	0	0	0	0	0	0	0	0	0	0	0	0	0	0	0	9.406521	59.280872	0	0	0	0	0	0	0	0	0	0	0	0	0	0	0	0	0	0	0	0	0	0	0	0	0	0
113.602	97.444	0	0	0	25.98609	43.135208	0	0	0	0	0	0	0	0	0	0	0	0	0	0	0	0	8.514336	35.966276	0	0	0	0	0	0	0	0	0	0	0	0	0	0	0	0	0	0	0	0	0	0	0	0	0	0
116.922	97.628	0	0	0	23.14902	46.666852	0	0	0	0	0	0	0	0	0	0	0	0	0	0	0	0	9.526336	37.580046	0	0	0	0	0	0	0	0	0	0	0	0	0	0	0	0	0	0	0	0	0	0	0	0	0	0
100.994	85.016	0	0	0	29.54353	33.91912	0	0	0	0	0	0	0	0	0	0	0	0	0	0	0	0	8.412938	29.118404	0	0	0	0	0	0	0	0	0	0	0	0	0	0	0	0	0	0	0	0	0	0	0	0	0	0
110.938	93.808	0	0	0	41.50511	15.53402	0	0	0	17.375144	0	0	0	0	0	0	0	0	0	0	0	0	22.050052	14.473565	0	0	0	0	0	0	0	0	0	0	0	0	0	0	0	0	0	0	0	0	0	0	0	0	0	0
95.0758	75.896	0	0	0	44.04773	0	0	0	0	24.25973	0	0	0	0	0	0	0	0	0	0	0	0	26.768392	0	0	0	0	0	0	0	0	0	0	0	0	0	0	0	0	0	0	0	0	0	0	0	0	0	0	0
126.155	111.692	0	0	0	38.62998	30.97818	0	0	0	11.21241	0	0	0	0	0	0	0	0	0	0	0	0	17.089842	28.244533	0	0	0	0	0	0	0	0	0	0	0	0	0	0	0	0	0	0	0	0	0	0	0	0	0	0
113.48	94.116	0	0	0	68.70188	8.981669	0	0	0	0	0	0	0	0	0	0	0	0	0	0	0	0	26.297068	9.499305	0	0	0	0	0	0	0	0	0	0	0	0	0	0	0	0	0	0	0	0	0	0	0	0	0	0
129.095	113.248	0	0	0	62.774216	17.161993	0	0	0	0	0	0	0	0	0	0	0	0	0	0	0	0	28.086218	21.072638	0	0	0	0	0	0	0	0	0	0	0	0	0	0	0	0	0	0	0	0	0	0	0	0	0	0
122.777	110.428	0	0	0	25.82635	9.733442	0	0	0	25.38179	25.65892	0	0	0	0	0	0	0	0	0	0	0	26.34719	9.829697	0	0	0	0	0	0	0	0	0	0	0	0	0	0	0	0	0	0	0	0	0	0	0	0	0	0
152.819	143.172	0	0	0	19.41219	15.88357	69.029094	0	0	5.179574	0	0	0	0	0	0	0	0	0	0	0	0	29.367178	13.947686	0	0	0	0	0	0	0	0	0	0	0	0	0	0	0	0	0	0	0	0	0	0	0	0	0	0
138.184	125.588	0	0	0	21.07233	0	70.780775	0	0	11.63747	0	0	0	0	0	0	0	0	0	0	0	0	34.693394	0	0	0	0	0	0	0	0	0	0	0	0	0	0	0	0	0	0	0	0	0	0	0	0	0	0	0
152.966	142.836	0	0	0	20.88559	15.40512	62.399992	0	0	10.55771	0	0	0	0	0	0	0	0	0	0	0	0	29.643427	14.074558	0	0	0	0	0	0	0	0	0	0	0	0	0	0	0	0	0	0	0	0	0	0	0	0	0	0
75.6833	56.68	0	14.61236	0	0	18.88841	0	0	0	0	0	0	0	0	0	0	0	0	0	0	4.406674	0	0	13.690583	0	0	0	0	0	0	0	0	0	0	0	0	0	0	0	0	24.08526	0	0	0	0	0	0	0	0	0
110.483	91.968	0	14.65	0	0	34.717688	0	0	0	0	0	0	0	0	0	0	0	0	0	0	4.500666	0	0	34.398321	0	0	0	0	0	0	0	0	0	0	0	0	0	0	0	0	22.21635	0	0	0	0	0	0	0	0	0
182.75	163.768	0	14.48381	0	0	65.405692	0	0	0	0	0	0	0	0	0	0	0	0	0	0	4.440827	0	0	76.337422	0	0	0	0	0	0	0	0	0	0	0	0	0	0	0	0	22.08245	0	0	0	0	0	0	0	0	0
92.3159	74.032	0	14.74562	0	0	27.12227	0	0	0	0	0	0	0	0	0	0	0	0	0	0	4.403869	0	0	23.900752	0	0	0	0	0	0	0	0	0	0	0	0	0	0	0	0	22.14342	0	0	0	0	0	0	0	0	0
56.9858	39.256	0	24.47182	0	0	0	0	0	0	0	0	0	0	0	0	0	0	0	0	0	8.708664	0	0	0	0	0	0	0	0	0	0	0	0	0	0	0	0	0	0	0	23.80529	0	0	0	0	0	0	0	0	0
146.594	127.892	0	14.62327	0	0	49.694401	0	0	0	0	0	0	0	0	0	0	0	0	0	0	4.445915	0	0	55.60048	0	0	0	0	0	0	0	0	0	0	0	0	0	0	0	0	22.23006	0	0	0	0	0	0	0	0	0
108.792	92.416	0	12.06597	0	0	34.7461	0	0	0	0	0	0	0	0	0	0	0	0	0	0	4.638065	0	0	34.928964	0	0	0	0	0	0	0	0	0	0	0	0	0	0	0	0	22.41281	0	0	0	0	0	0	0	0	0
128.166	109.748	0	14.72524	0	0	41.99438	0	0	0	0	0	0	0	0	0	0	0	0	0	0	4.309931	0	0	45.011996	0	0	0	0	0	0	0	0	0	0	0	0	0	0	0	0	22.12424	0	0	0	0	0	0	0	0	0
164.149	145.596	0	14.65062	0	0	56.561737	0	0	0	0	0	0	0	0	0	0	0	0	0	0	4.434726	0	0	66.692899	0	0	0	0	0	0	0	0	0	0	0	0	0	0	0	0	21.8087	0	0	0	0	0	0	0	0	0
201.096	182.144	0	14.49607	0	0	72.319795	0	0	0	0	0	0	0	0	0	0	0	0	0	0	4.520639	0	0	87.473851	0	0	0	0	0	0	0	0	0	0	0	0	0	0	0	0	22.28609	0	0	0	0	0	0	0	0	0
132.476	119.976	0	13.55518	0	0	0	70.590356	0	0	0	0	0	0	0	0	0	0	0	0	0	4.672421	0	21.369292	0	0	0	0	0	0	0	0	0	0	0	0	0	0	0	0	0	22.28898	0	0	0	0	0	0	0	0	0
67.3434	48.308	0	0	21.72528	0	19.77553	0	0	0	0	0	0	0	0	0	0	0	0	0	0	0	0	0	13.524186	0	0	0	0	0	12.31845	0	0	0	0	0	0	0	0	0	0	0	0	0	0	0	0	0	0	0	0
85.6442	66.084	0	0	21.77594	0	28.36429	0	0	0	0	0	0	0	0	0	0	0	0	0	0	0	0	0	23.822055	0	0	0	0	0	11.68189	0	0	0	0	0	0	0	0	0	0	0	0	0	0	0	0	0	0	0	0
103.654	84.024	0	0	21.47984	0	35.643568	0	0	0	0	0	0	0	0	0	0	0	0	0	0	0	0	0	34.623229	0	0	0	0	0	11.90751	0	0	0	0	0	0	0	0	0	0	0	0	0	0	0	0	0	0	0	0
121.67	102.052	0	0	21.84466	0	43.198689	0	0	0	0	0	0	0	0	0	0	0	0	0	0	0	0	0	44.854589	0	0	0	0	0	11.77211	0	0	0	0	0	0	0	0	0	0	0	0	0	0	0	0	0	0	0	0
125.81	111.732	0	0	0	0	0	71.625447	0	0	0	0	21.34969	0	0	0	0	0	0	0	0	0	0	21.575143	0	0	0	0	0	0	11.25939	0	0	0	0	0	0	0	0	0	0	0	0	0	0	0	0	0	0	0	0
87.2257	68.348	0	6.900388	0	0	17.39735	0	0	0	0	0	0	0	0	0	0	0	0	0	0	0	0	0	14.246534	0	4.68759	0	0	0	0	0	0	0	0	0	0	0	0	0	0	23.5308	20.46308	0	0	0	0	0	0	0	0
121.818	103.808	0	6.639013	0	0	33.409606	0	0	0	0	0	0	0	0	0	0	0	0	0	0	0	0	0	35.084476	0	4.608338	0	0	0	0	0	0	0	0	0	0	0	0	0	0	21.63005	20.44664	0	0	0	0	0	0	0	0
103.682	85.728	0	6.817609	0	0	25.827345	0	0	0	0	0	0	0	0	0	0	0	0	0	0	0	0	0	24.321985	0	4.641822	0	0	0	0	0	0	0	0	0	0	0	0	0	0	21.99452	20.07883	0	0	0	0	0	0	0	0
140.167	121.988	0	6.715228	0	0	41.266026	0	0	0	0	0	0	0	0	0	0	0	0	0	0	0	0	0	45.190856	0	4.707736	0	0	0	0	0	0	0	0	0	0	0	0	0	0	21.80974	20.47789	0	0	0	0	0	0	0	0
158.501	140.012	0	6.551288	0	0	48.673777	0	0	0	0	0	0	0	0	0	0	0	0	0	0	0	0	0	56.474798	0	4.543331	0	0	0	0	0	0	0	0	0	0	0	0	0	0	21.97719	20.28032	0	0	0	0	0	0	0	0
135.729	122.964	0	3.748607	0	0	39.487858	0	0	0	0	0	0	0	0	0	0	0	0	0	0	0	0	0	45.256702	0	4.644329	0	0	0	0	0	0	0	0	0	0	0	0	0	0	23.54405	19.04757	0	0	0	0	0	0	0	0
234.029	241.02	0	5.526609	0	0	55.628533	44.492296	0	0	0	0	0	0	0	0	0	0	0	0	0	0	0	17.951598	65.327146	0	4.657551	0	0	0	0	0	0	0	0	0	0	0	0	0	0	21.7723	18.67337	0	0	0	0	0	0	0	0
104.37	86.104	0	6.337949	0	0	34.88597	0	0	0	0	0	0	0	0	0	0	0	14.059843	0	0	0	0	0	14.0168	0	0	0	0	0	0	0	0	0	0	0	0	0	0	0	0	22.06867	0	13.00118	0	0	0	0	0	0	0
188.09	176.036	0	4.509608	0	0	74.688021	0	0	0	0	0	0	0	0	0	0	0	10.671873	0	0	0	0	0	68.881443	0	0	0	0	0	0	0	0	0	0	0	0	0	0	0	0	20.06096	0	9.277716	0	0	0	0	0	0	0
138.815	120.896	0	6.619308	0	0	52.757854	0	0	0	0	0	0	0	0	0	0	0	9.621806	0	0	0	0	0	37.989052	0	0	0	0	0	0	0	0	0	0	0	0	0	0	0	0	19.97157	0	11.85539	0	0	0	0	0	0	0
157.069	138.936	0	6.403488	0	0	60.248747	0	0	0	0	0	0	0	0	0	0	0	9.914262	0	0	0	0	0	48.966136	0	0	0	0	0	0	0	0	0	0	0	0	0	0	0	0	19.97942	0	11.55654	0	0	0	0	0	0	0
175.086	156.704	0	6.398627	0	0	67.745329	0	0	0	0	0	0	0	0	0	0	0	10.353634	0	0	0	0	0	59.00184	0	0	0	0	0	0	0	0	0	0	0	0	0	0	0	0	19.91025	0	11.67634	0	0	0	0	0	0	0
210.945	192.676	0	6.62113	0	0	82.378814	0	0	0	0	0	0	0	0	0	0	0	9.904136	0	0	0	0	0	80.630077	0	0	0	0	0	0	0	0	0	0	0	0	0	0	0	0	20.00162	0	11.40916	0	0	0	0	0	0	0
157.124	138.888	0	6.631894	0	0	60.406263	0	0	0	0	0	0	0	0	0	0	0	10.388371	0	0	0	0	0	47.93532	0	0	0	0	0	0	0	0	0	0	0	0	0	0	0	0	19.91158	0	11.85098	0	0	0	0	0	0	0
175.383	157.628	0	6.683472	0	0	65.376495	0	0	0	0	0	0	0	0	0	0	0	14.124473	0	0	0	0	0	56.127826	0	0	0	0	0	0	0	0	0	0	0	0	0	0	0	0	19.95601	0	13.1143	0	0	0	0	0	0	0
136.215	121.984	0	4.19008	0	0	51.488233	0	0	0	0	0	0	0	0	0	0	0	5.150116	0	0	0	0	0	43.461858	0	0	0	0	0	0	0	0	0	0	0	0	0	0	0	0	20.71862	0	11.20643	0	0	0	0	0	0	0
140.423	121.296	0	6.56069	0	0	51.253815	0	0	0	0	0	0	0	0	0	0	0	10.206005	0	0	0	0	0	38.485295	0	0	0	0	0	0	0	0	0	0	0	0	0	0	0	0	21.98035	0	11.93673	0	0	0	0	0	0	0
155.711	139.676	0	6.336324	0	0	57.71108	0	0	0	0	0	0	0	0	0	0	0	10.598003	0	0	0	0	0	48.64883	0	0	0	0	0	0	0	0	0	0	0	0	0	0	0	0	21.95064	0	10.46604	0	0	0	0	0	0	0
211.284	193.132	0	6.718104	0	0	81.08892	0	0	0	0	0	0	0	0	0	0	0	13.939782	0	0	0	0	0	76.920181	0	0	0	0	0	0	0	0	0	0	0	0	0	0	0	0	19.88822	0	12.72851	0	0	0	0	0	0	0
122.311	103.576	0	6.497709	0	0	43.537735	0	0	0	0	0	0	0	0	0	0	0	9.823428	0	0	0	0	0	28.588105	0	0	0	0	0	0	0	0	0	0	0	0	0	0	0	0	21.89277	0	11.97156	0	0	0	0	0	0	0
175.074	156.796	0	6.506503	0	0	67.418758	0	0	0	0	0	0	0	0	0	0	0	9.959739	0	0	0	0	0	59.53416	0	0	0	0	0	0	0	0	0	0	0	0	0	0	0	0	19.84802	0	11.80697	0	0	0	0	0	0	0
120.986	103.6	0	6.674607	0	0	43.538104	0	0	0	0	0	0	0	0	0	0	0	13.903527	0	0	0	0	0	23.850481	0	0	0	0	0	0	0	0	0	0	0	0	0	0	0	0	19.97823	0	13.04101	0	0	0	0	0	0	0
138.93	121.452	0	6.76353	0	0	50.456843	0	0	0	0	0	0	0	0	0	0	0	13.788724	0	0	0	0	0	35.03086	0	0	0	0	0	0	0	0	0	0	0	0	0	0	0	0	20.15263	0	12.73739	0	0	0	0	0	0	0
156.978	139.46	0	6.716488	0	0	58.172909	0	0	0	0	0	0	0	0	0	0	0	13.863299	0	0	0	0	0	45.576105	0	0	0	0	0	0	0	0	0	0	0	0	0	0	0	0	19.80739	0	12.84156	0	0	0	0	0	0	0
193.139	174.716	0	6.651928	0	0	74.936127	0	0	0	0	0	0	0	0	0	0	0	10.5302	0	0	0	0	0	69.753218	0	0	0	0	0	0	0	0	0	0	0	0	0	0	0	0	19.85935	0	11.40792	0	0	0	0	0	0	0
176.633	157.38	0	6.463352	0	0	66.824362	0	0	0	0	0	0	0	0	0	0	0	10.595726	0	0	0	0	0	59.598632	0	0	0	0	0	0	0	0	0	0	0	0	0	0	0	0	21.80696	0	11.34351	0	0	0	0	0	0	0
152.567	139.24	0	3.80906	0	0	59.64827	0	0	0	0	0	0	0	0	0	0	0	5.025825	0	0	0	0	0	53.933142	0	0	0	0	0	0	0	0	0	0	0	0	0	0	0	0	19.14959	0	11.00117	0	0	0	0	0	0	0
165.131	162.148	0	3.266794	0	0	62.863158	0	0	0	0	0	0	0	0	0	0	0	14.144292	0	0	0	0	0	55.248545	0	0	0	0	0	0	0	0	0	0	0	0	0	0	0	0	18.76836	0	10.84016	0	0	0	0	0	0	0
193.439	175.156	0	6.580149	0	0	75.236824	0	0	0	0	0	0	0	0	0	0	0	9.794475	0	0	0	0	0	69.924738	0	0	0	0	0	0	0	0	0	0	0	0	0	0	0	0	19.92837	0	11.97444	0	0	0	0	0	0	0
158.53	139.392	0	6.522202	0	0	59.401221	0	0	0	0	0	0	0	0	0	0	0	10.298323	0	0	0	0	0	49.020697	0	0	0	0	0	0	0	0	0	0	0	0	0	0	0	0	21.73472	0	11.55293	0	0	0	0	0	0	0
171.367	157.16	0	6.513146	0	0	64.423169	0	0	0	0	0	0	0	0	0	0	0	8.877688	0	0	0	0	0	58.073945	0	0	0	0	0	0	0	0	0	0	0	0	0	0	0	0	21.82374	0	11.6558	0	0	0	0	0	0	0
149.333	140.112	0	3.797169	0	0	56.53911	0	0	0	0	0	0	0	0	0	0	0	14.041936	0	0	0	0	0	44.842372	0	0	0	0	0	0	0	0	0	0	0	0	0	0	0	0	20.4314	0	9.68082	0	0	0	0	0	0	0
130.335	114.9	0	5.122552	0	0	17.5989	0	0	0	0	0	0	0	0	37.983296	0	0	13.860394	0	0	0	0	0	22.103578	0	0	0	0	0	0	0	0	0	0	0	0	0	0	0	0	20.98436	0	12.68167	0	0	0	0	0	0	0
172.206	159.812	0	12.630103	0	0	51.646332	0	0	0	0	0	0	0	0	0	0	0	0	5.894093	0	0	0	0	41.865707	0	0	0	0	0	0	0	0	0	0	0	0	0	0	0	0	41.6064	0	18.563115	0	0	0	0	0	0	0
192.535	176.072	0	13.657592	0	0	60.384491	0	0	0	0	0	0	0	0	0	0	0	19.758418	0	0	0	0	0	38.631052	0	0	0	0	0	0	0	0	0	0	0	0	0	0	0	0	37.24065	0	22.8624	0	0	0	0	0	0	0
177.34	159.648	0	12.953591	0	0	50.187214	0	0	0	0	0	0	0	0	0	0	0	20.285208	0	0	0	0	0	28.706502	0	0	0	0	0	0	0	0	0	0	0	0	0	0	0	0	43.55406	0	21.65356	0	0	0	0	0	0	0
212.005	195.024	0	13.541311	0	0	65.464983	0	0	0	0	0	0	0	0	0	0	0	19.929474	0	0	0	0	0	49.753426	0	0	0	0	0	0	0	0	0	0	0	0	0	0	0	0	39.63829	0	23.67725	0	0	0	0	0	0	0
242.969	235.132	0	18.020917	0	0	65.682872	0	0	0	0	0	0	0	0	0	0	0	24.821659	0	0	0	0	0	43.564248	0	0	0	0	0	0	0	0	0	0	0	0	0	0	0	0	64.61924	0	26.260103	0	0	0	0	0	0	0
160.108	148.76	0	6.727663	0	0	17.33786	70.340671	0	0	0	0	0	0	0	0	0	0	13.938881	0	0	0	0	20.772155	0	0	0	0	0	0	0	0	0	0	0	0	0	0	0	0	0	20.30336	0	10.6876	0	0	0	0	0	0	0
178.166	166.668	0	6.737072	0	0	27.035278	70.183899	0	0	0	0	0	0	0	0	0	0	9.742975	0	0	0	0	21.369936	14.476315	0	0	0	0	0	0	0	0	0	0	0	0	0	0	0	0	20.18129	0	8.438963	0	0	0	0	0	0	0
287.138	287.496	0	12.210622	0	0	15.889188	144.743916	0	0	0	0	0	0	0	0	0	0	20.091834	0	0	0	0	36.867235	0	0	0	0	0	0	0	0	0	0	0	0	0	0	0	0	0	40.96019	0	16.37497	0	0	0	0	0	0	0
93.2734	74.608	0	5.879934	0	0	35.66331	0	0	0	0	0	0	0	0	0	0	0	0	0	0	0	0	0	28.04477	0	0	0	0	0	0	0	0	0	0	0	0	0	0	0	0	23.68541	0	0	0	0	0	0	0	0	0
137.074	128.812	0	3.113835	0	0	54.46213	0	0	0	0	0	0	0	0	0	0	0	0	0	0	0	0	0	57.90034	0	0	0	0	0	0	0	0	0	0	0	0	0	0	0	0	21.59734	0	0	0	0	0	0	0	0	0
109.695	92.012	0	6.327747	0	0	43.587909	0	0	0	0	0	0	0	0	0	0	0	0	0	0	0	0	0	38.174369	0	0	0	0	0	0	0	0	0	0	0	0	0	0	0	0	21.60519	0	0	0	0	0	0	0	0	0
126.296	109.348	0	6.650058	0	0	51.517211	0	0	0	0	0	0	0	0	0	0	0	0	0	0	0	0	0	48.825192	0	0	0	0	0	0	0	0	0	0	0	0	0	0	0	0	19.30326	0	0	0	0	0	0	0	0	0
127.724	110.004	0	6.419621	0	0	51.227922	0	0	0	0	0	0	0	0	0	0	0	0	0	0	0	0	0	48.760064	0	0	0	0	0	0	0	0	0	0	0	0	0	0	0	0	21.31673	0	0	0	0	0	0	0	0	0
141.869	128.708	0	3.833701	0	0	57.311658	0	0	0	0	0	0	0	0	0	0	0	0	0	0	0	0	0	59.686982	0	0	0	0	0	0	0	0	0	0	0	0	0	0	0	0	21.03681	0	0	0	0	0	0	0	0	0
126.52	114.756	0	5.390372	0	0	45.984683	0	0	0	0	0	0	0	0	0	0	0	0	0	0	0	0	0	51.771773	0	0	0	0	0	0	0	0	0	0	0	0	0	0	0	0	23.37357	0	0	0	0	0	0	0	0	0
163.723	145.564	0	6.255046	0	0	66.13948	0	0	0	0	0	0	0	0	0	0	0	0	0	0	0	0	0	70.010677	0	0	0	0	0	0	0	0	0	0	0	0	0	0	0	0	21.31752	0	0	0	0	0	0	0	0	0
182.015	163.632	0	6.505861	0	0	73.324547	0	0	0	0	0	0	0	0	0	0	0	0	0	0	0	0	0	81.1201	0	0	0	0	0	0	0	0	0	0	0	0	0	0	0	0	21.06411	0	0	0	0	0	0	0	0	0
236.715	217.82	0	6.258537	0	0	96.704551	0	0	0	0	0	0	0	0	0	0	0	0	0	0	0	0	0	112.164766	0	0	0	0	0	0	0	0	0	0	0	0	0	0	0	0	21.58729	0	0	0	0	0	0	0	0	0
113.166	97.888	0	5.944361	0	0	41.29157	0	0	0	0	0	0	0	0	0	0	0	0	0	0	0	0	0	41.56627	0	0	0	0	0	0	0	0	0	0	0	0	0	0	0	0	24.36429	0	0	0	0	0	0	0	0	0
198.66	181.188	0	6.515895	0	0	81.390995	0	0	0	0	0	0	0	0	0	0	0	0	0	0	0	0	0	91.408135	0	0	0	0	0	0	0	0	0	0	0	0	0	0	0	0	19.34517	0	0	0	0	0	0	0	0	0
125.177	111.004	0	4.099085	0	0	51.734724	0	0	0	0	0	0	0	0	0	0	0	0	0	0	0	0	0	47.629218	0	0	0	0	0	0	0	0	0	0	0	0	0	0	0	0	21.71392	0	0	0	0	0	0	0	0	0
156.176	148.032	0	0	0	0	65.178571	0	0	0	0	0	0	0	0	0	0	0	0	0	0	0	0	0	70.498417	0	0	0	0	0	0	0	0	0	0	0	0	0	0	0	0	20.49856	0	0	0	0	0	0	0	0	0
145.836	127.76	0	6.268426	0	0	58.652735	0	0	0	0	0	0	0	0	0	0	0	0	0	0	0	0	0	59.508864	0	0	0	0	0	0	0	0	0	0	0	0	0	0	0	0	21.40594	0	0	0	0	0	0	0	0	0
217.951	199.3	0	6.532877	0	0	88.735603	0	0	0	0	0	0	0	0	0	0	0	0	0	0	0	0	0	101.39753	0	0	0	0	0	0	0	0	0	0	0	0	0	0	0	0	21.28482	0	0	0	0	0	0	0	0	0
118.8	103.06	0	5.773675	0	0	17.19492	0	0	0	0	0	0	0	0	38.766366	0	0	0	0	0	0	0	0	35.903922	0	0	0	0	0	0	0	0	0	0	0	0	0	0	0	0	21.16151	0	0	0	0	0	0	0	0	0
200.003	181.448	0	6.582253	0	0	81.181472	0	0	0	0	0	0	0	0	0	0	0	0	0	0	0	0	0	91.037979	0	0	0	0	0	0	0	0	0	0	0	0	0	0	0	0	21.20139	0	0	0	0	0	0	0	0	0
158.174	151.056	0	4.20449	0	0	61.105607	0	0	0	0	0	0	0	0	0	0	0	0	0	0	0	0	0	71.410107	0	0	0	0	0	0	0	0	0	0	0	0	0	0	0	0	21.45358	0	0	0	0	0	0	0	0	0
162.222	145.152	0	6.778688	0	0	67.049046	0	0	0	0	0	0	0	0	0	0	0	0	0	0	0	0	0	69.071938	0	0	0	0	0	0	0	0	0	0	0	0	0	0	0	0	19.32184	0	0	0	0	0	0	0	0	0
158.494	162.44	0	1.376257	0	0	57.711398	0	0	0	0	0	0	0	0	0	0	0	0	0	0	0	0	0	74.331404	0	0	0	0	0	0	0	0	0	0	0	0	0	0	0	0	25.07465	0	0	0	0	0	0	0	0	0
148.33	137.56	0	6.339943	0	0	15.54806	70.205361	0	0	0	0	0	0	0	0	0	0	0	0	0	0	0	20.471365	14.162134	0	0	0	0	0	0	0	0	0	0	0	0	0	0	0	0	21.6031	0	0	0	0	0	0	0	0	0
164.894	155.152	0	6.114223	0	0	32.84298	58.314975	0	0	0	0	0	0	0	0	0	0	0	0	0	0	0	17.444339	28.154566	0	0	0	0	0	0	0	0	0	0	0	0	0	0	0	0	22.02279	0	0	0	0	0	0	0	0	0
58.9832	39.44	0	0	0	0	24.23535	0	0	0	0	0	0	0	0	0	0	0	12.70617	0	0	0	0	0	0	15.943679	0	0	0	0	0	0	6.098011	0	0	0	0	0	0	0	0	0	0	0	0	0	0	0	0	0	0
77.5748	57.628	0	0	0	0	33.0904	0	0	0	0	0	0	0	0	0	0	0	8.870718	0	0	0	0	0	13.645806	15.97825	0	0	0	0	0	0	5.989623	0	0	0	0	0	0	0	0	0	0	0	0	0	0	0	0	0	0
95.5669	75.44	0	0	0	0	39.934678	0	0	0	0	0	0	0	0	0	0	0	9.589518	0	0	0	0	0	24.056898	15.942831	0	0	0	0	0	0	6.042983	0	0	0	0	0	0	0	0	0	0	0	0	0	0	0	0	0	0
128.709	116.3	0	0	0	0	48.072575	0	0	0	0	0	0	0	0	0	0	0	5.300725	0	0	0	0	0	53.366582	15.757895	0	0	0	0	0	0	6.211514	0	0	0	0	0	0	0	0	0	0	0	0	0	0	0	0	0	0
113.912	93.064	0	0	0	0	47.226639	0	0	0	0	0	0	0	0	0	0	0	9.336752	0	0	0	0	0	35.286247	16.040927	0	0	0	0	0	0	6.021284	0	0	0	0	0	0	0	0	0	0	0	0	0	0	0	0	0	0
132.187	111.3	0	0	0	0	55.640989	0	0	0	0	0	0	0	0	0	0	0	9.502501	0	0	0	0	0	45.157048	15.902674	0	0	0	0	0	0	5.984176	0	0	0	0	0	0	0	0	0	0	0	0	0	0	0	0	0	0
149.974	129.252	0	0	0	0	62.461693	0	0	0	0	0	0	0	0	0	0	0	9.54825	0	0	0	0	0	56.212887	15.861718	0	0	0	0	0	0	5.889137	0	0	0	0	0	0	0	0	0	0	0	0	0	0	0	0	0	0
168.057	147.416	0	0	0	0	70.396262	0	0	0	0	0	0	0	0	0	0	0	9.629284	0	0	0	0	0	66.39656	15.693181	0	0	0	0	0	0	5.941368	0	0	0	0	0	0	0	0	0	0	0	0	0	0	0	0	0	0
186.489	165.004	0	0	0	0	77.878399	0	0	0	0	0	0	0	0	0	0	0	9.489085	0	0	0	0	0	77.087338	15.968178	0	0	0	0	0	0	6.065659	0	0	0	0	0	0	0	0	0	0	0	0	0	0	0	0	0	0
89.2434	67.236	0	0	0	0	27.33736	0	0	0	0	0	0	0	0	0	0	0	18.723508	0	0	0	0	0	0	31.616205	0	0	0	0	0	0	11.566334	0	0	0	0	0	0	0	0	0	0	0	0	0	0	0	0	0	0
79.371	59.556	0	0	0	0	41.71315	0	0	0	0	0	0	0	0	0	0	0	26.88413	0	0	0	0	0	0	7.150318	0	0	0	0	0	0	3.623353	0	0	0	0	0	0	0	0	0	0	0	0	0	0	0	0	0	0
144.782	130.964	0	0	0	0	67.720161	0	0	0	0	0	0	0	0	0	0	0	8.724618	0	0	0	0	0	57.908263	6.711194	0	0	0	0	0	0	3.717533	0	0	0	0	0	0	0	0	0	0	0	0	0	0	0	0	0	0
116.628	94.912	0	0	0	0	58.47908	0	0	0	0	0	0	0	0	0	0	0	19.509168	0	0	0	0	0	28.117359	6.909971	0	0	0	0	0	0	3.61286	0	0	0	0	0	0	0	0	0	0	0	0	0	0	0	0	0	0
188.528	166.492	0	0	0	0	88.234154	0	0	0	0	0	0	0	0	0	0	0	20.521003	0	0	0	0	0	69.22593	6.830858	0	0	0	0	0	0	3.715573	0	0	0	0	0	0	0	0	0	0	0	0	0	0	0	0	0	0
152.523	130.728	0	0	0	0	73.67585	0	0	0	0	0	0	0	0	0	0	0	20.147812	0	0	0	0	0	48.259344	6.919122	0	0	0	0	0	0	3.520828	0	0	0	0	0	0	0	0	0	0	0	0	0	0	0	0	0	0
70.3444	51.564	0	0	0	0	0	0	0	0	0	0	0	0	0	39.62482	0	0	16.64876	0	0	0	0	0	0	7.5563	0	0	0	0	0	0	6.514566	0	0	0	0	0	0	0	0	0	0	0	0	0	0	0	0	0	0
85.7478	67.528	0	0	0	0	0	0	0	0	0	0	0	0	0	0	46.57029	0	18.028063	0	0	0	0	0	8.668685	7.739752	0	0	0	0	0	0	4.740971	0	0	0	0	0	0	0	0	0	0	0	0	0	0	0	0	0	0
141.178	135.312	0	0	0	0	62.901908	0	0	0	0	0	0	0	0	0	0	0	19.368099	0	0	0	0	0	48.906072	7.266822	0	0	0	0	0	0	2.735135	0	0	0	0	0	0	0	0	0	0	0	0	0	0	0	0	0	0
99.9679	82.948	0	0	0	0	49.79867	0	0	0	0	0	0	0	0	0	0	0	19.198357	0	0	0	0	0	19.509467	7.471369	0	0	0	0	0	0	3.99002	0	0	0	0	0	0	0	0	0	0	0	0	0	0	0	0	0	0
110.029	93.704	0	0	0	0	50.1503	0	0	0	0	0	0	0	0	0	0	0	37.878486	0	0	0	0	0	0	14.544505	0	0	0	0	0	0	7.455323	0	0	0	0	0	0	0	0	0	0	0	0	0	0	0	0	0	0
137.613	123.464	0	0	0	0	19.96482	73.456026	0	0	0	0	0	0	0	0	0	0	13.893207	0	0	0	0	20.988629	0	7.856888	0	0	0	0	0	0	0	0	0	0	0	0	0	1.453736	0	0	0	0	0	0	0	0	0	0	0
96.9899	78.812	0	0	0	0	51.88397	0	0	0	0	0	0	0	0	0	0	0	43.050861	0	0	0	0	0	0	0	0	0	0	0	0	0	2.05504	0	0	0	0	0	0	0	0	0	0	0	0	0	0	0	0	0	0
117.463	101.856	0	0	0	0	60.13627	0	0	0	0	0	0	0	0	0	0	0	35.308811	0	0	0	0	0	19.843591	0	0	0	0	0	0	0	2.174425	0	0	0	0	0	0	0	0	0	0	0	0	0	0	0	0	0	0
145.141	130.648	0	0	0	0	72.00926	0	0	0	0	0	0	0	0	0	0	0	28.408181	0	0	0	0	0	42.362376	0	0	0	0	0	0	0	2.361537	0	0	0	0	0	0	0	0	0	0	0	0	0	0	0	0	0	0
131.602	119.436	0	0	0	0	63.50381	0	0	0	0	0	0	0	0	0	0	0	35.305801	0	0	0	0	0	30.712481	0	0	0	0	0	0	0	2.079686	0	0	0	0	0	0	0	0	0	0	0	0	0	0	0	0	0	0
145.131	132.644	0	0	0	0	70.271266	0	0	0	0	0	0	0	0	0	0	0	70.287493	0	0	0	0	0	0	0	0	0	0	0	0	0	4.572247	0	0	0	0	0	0	0	0	0	0	0	0	0	0	0	0	0	0
137.495	135.524	0	0	0	0	68.35969	0	0	0	0	0	0	0	0	0	0	0	0	59.238719	0	0	0	0	0	0	0	0	0	0	0	0	9.896212	0	0	0	0	0	0	0	0	0	0	0	0	0	0	0	0	0	0
153.993	143.244	0	0	0	0	34.88693	71.521473	0	0	0	0	0	0	0	0	0	0	27.241996	0	0	0	0	20.343	0	0	0	0	0	0	0	0	0	0	0	0	0	0	0	0	0	0	0	0	0	0	0	0	0	0	0
118.605	103.3	0	0	0	0	0	76.339132	0	0	0	0	0	0	0	0	0	0	0	0	0	0	0	21.230772	0	16.638299	0	0	0	0	0	0	0	0	0	0	0	0	0	4.396777	0	0	0	0	0	0	0	0	0	0	0
149.937	138.384	0	0	0	0	30.65749	59.399157	0	0	0	0	0	0	0	0	0	0	0	0	0	0	0	12.614546	28.843184	14.016747	0	0	0	0	0	0	0	0	0	0	0	0	0	4.405914	0	0	0	0	0	0	0	0	0	0	0
161.843	152.968	0	0	0	0	0	108.953222	0	0	0	0	0	0	0	0	0	0	0	0	0	0	0	31.738067	0	16.633767	0	0	0	0	0	0	0	0	0	0	0	0	0	4.51816	0	0	0	0	0	0	0	0	0	0	0
134.604	120.956	0	0	0	0	15.52019	67.206105	0	0	0	0	0	0	0	0	0	0	0	0	0	0	0	17.163061	14.299259	15.632536	0	0	0	0	0	0	0	0	0	0	0	0	0	4.782625	0	0	0	0	0	0	0	0	0	0	0
135.798	121.112	0	0	0	0	17.94155	64.985561	0	0	0	0	0	0	0	0	0	0	0	0	0	0	0	18.132951	13.715538	16.637177	0	0	0	0	0	0	0	0	0	0	0	0	0	4.385015	0	0	0	0	0	0	0	0	0	0	0
160.093	152.432	0	0	0	0	0	110.138659	0	0	0	0	0	0	0	0	0	0	0	0	0	0	0	30.064405	0	15.331265	0	0	0	0	0	0	0	0	0	0	0	0	0	4.558186	0	0	0	0	0	0	0	0	0	0	0
127.672	113.496	0	0	0	0	59.445614	0	0	0	0	0	0	0	0	0	0	0	54.959706	0	0	0	0	0	0	7.310249	0	0	0	0	0	0	5.956868	0	0	0	0	0	0	0	0	0	0	0	0	0	0	0	0	0	0
116.879	101.524	0	0	0	0	34.766227	0	0	0	0	0	0	0	0	0	0	0	4.830022	0	0	0	0	0	29.460879	0	0	0	0	0	0	0	0	0	0	0	0	0	0	0	0	47.82217	0	0	0	0	0	0	0	0	0
84.8578	65.548	0	0	0	0	19.62515	0	0	0	0	0	0	0	0	0	0	0	13.624863	0	0	0	0	0	0	0	0	0	0	0	0	0	0	0	0	0	0	0	0	0	0	51.60782	0	0	0	0	0	0	0	0	0
101.924	83.784	0	0	0	0	28.47858	0	0	0	0	0	0	0	0	0	0	0	9.571216	0	0	0	0	0	14.004901	0	0	0	0	0	0	0	0	0	0	0	0	0	0	0	0	49.8693	0	0	0	0	0	0	0	0	0
120.071	101.808	0	0	0	0	35.485485	0	0	0	0	0	0	0	0	0	0	0	10.308064	0	0	0	0	0	24.279379	0	0	0	0	0	0	0	0	0	0	0	0	0	0	0	0	49.99814	0	0	0	0	0	0	0	0	0
138.094	119.528	0	0	0	0	43.304557	0	0	0	0	0	0	0	0	0	0	0	10.123959	0	0	0	0	0	34.928594	0	0	0	0	0	0	0	0	0	0	0	0	0	0	0	0	49.73671	0	0	0	0	0	0	0	0	0
155.868	137.3	0	0	0	0	50.623824	0	0	0	0	0	0	0	0	0	0	0	10.304304	0	0	0	0	0	45.1839	0	0	0	0	0	0	0	0	0	0	0	0	0	0	0	0	49.75607	0	0	0	0	0	0	0	0	0
152.832	143.828	0	0	0	0	13.91113	64.896825	0	0	0	0	0	0	0	0	0	0	0	0	0	0	0	16.916361	13.112019	0	0	0	0	0	0	0	0	0	0	0	0	0	0	0	0	43.99566	0	0	0	0	0	0	0	0	0
140.026	128.124	0	0	0	0	0	71.770553	0	0	0	0	0	0	0	0	0	0	0	0	0	0	0	20.479134	0	0	0	0	0	0	0	0	0	0	0	0	0	0	0	0	0	47.77595	0	0	0	0	0	0	0	0	0
157.178	145.936	0	0	0	0	17.6919	60.551672	0	0	0	0	0	0	0	0	0	0	0	0	0	0	0	17.272783	13.815217	0	0	0	0	0	0	0	0	0	0	0	0	0	0	0	0	47.8467	0	0	0	0	0	0	0	0	0
114.831	95.428	0	0	0	0	44.43928	0	0	0	0	0	0	0	0	0	0	0	9.801581	0	0	0	0	0	35.029493	0	4.529481	0	0	0	0	0	0	0	0	0	0	0	0	0	0	0	21.03069	0	0	0	0	0	0	0	0
78.8299	59.832	0	0	0	0	29.63664	0	0	0	0	0	0	0	0	0	0	0	9.515238	0	0	0	0	0	14.123683	0	4.497921	0	0	0	0	0	0	0	0	0	0	0	0	0	0	0	21.05645	0	0	0	0	0	0	0	0
60.8316	42.344	0	0	0	0	20.35858	0	0	0	0	0	0	0	0	0	0	0	13.388318	0	0	0	0	0	0	0	4.597271	0	0	0	0	0	0	0	0	0	0	0	0	0	0	0	22.48746	0	0	0	0	0	0	0	0
187.414	167.024	0	0	0	0	74.585496	0	0	0	0	0	0	0	0	0	0	0	10.007087	0	0	0	0	0	77.160453	0	4.730365	0	0	0	0	0	0	0	0	0	0	0	0	0	0	0	20.93046	0	0	0	0	0	0	0	0
96.8249	77.56	0	0	0	0	37.188505	0	0	0	0	0	0	0	0	0	0	0	9.810049	0	0	0	0	0	24.089405	0	4.661548	0	0	0	0	0	0	0	0	0	0	0	0	0	0	0	21.07537	0	0	0	0	0	0	0	0
95.826	78.152	0	0	0	0	37.048764	0	0	0	0	0	0	0	0	0	0	0	5.040346	0	0	0	0	0	29.170323	0	4.699758	0	0	0	0	0	0	0	0	0	0	0	0	0	0	0	19.86679	0	0	0	0	0	0	0	0
133.118	113.7	0	0	0	0	51.83738	0	0	0	0	0	0	0	0	0	0	0	9.986027	0	0	0	0	0	45.472696	0	4.561458	0	0	0	0	0	0	0	0	0	0	0	0	0	0	0	21.26059	0	0	0	0	0	0	0	0
110.846	96.488	0	0	0	0	41.8387	0	0	0	0	0	0	0	0	0	0	0	0	0	0	0	0	0	45.86273	0	4.690174	0	0	0	0	0	0	0	0	0	0	0	0	0	0	0	18.45472	0	0	0	0	0	0	0	0
125.71	113.836	0	0	0	0	51.130436	0	0	0	0	0	0	0	0	0	0	0	0	0	0	0	0	0	53.011676	0	4.561721	0	0	0	0	0	0	0	0	0	0	0	0	0	0	0	17.00631	0	0	0	0	0	0	0	0
112.35	95.912	0	0	0	0	43.308895	0	0	0	0	0	0	0	0	0	0	0	10.490261	0	0	0	0	0	34.362333	0	4.614616	0	0	0	0	0	0	0	0	0	0	0	0	0	0	0	19.57439	0	0	0	0	0	0	0	0
112.465	95.652	0	0	0	0	45.504016	0	0	0	0	0	0	0	0	0	0	0	5.319316	0	0	0	0	0	38.529417	0	4.716386	0	0	0	0	0	0	0	0	0	0	0	0	0	0	0	18.39612	0	0	0	0	0	0	0	0
115.189	101.324	0	0	0	0	46.031666	0	0	0	0	0	0	0	0	0	0	0	5.230378	0	0	0	0	0	40.262928	0	4.659168	0	0	0	0	0	0	0	0	0	0	0	0	0	0	0	19.00515	0	0	0	0	0	0	0	0
140.658	130.504	0	0	0	0	58.115374	0	0	0	0	0	0	0	0	0	0	0	4.546901	0	0	0	0	0	58.025	0	4.670247	0	0	0	0	0	0	0	0	0	0	0	0	0	0	0	15.30014	0	0	0	0	0	0	0	0
129.23	118.472	0	0	0	0	45.898852	0	0	0	0	0	0	0	0	0	0	0	5.776142	0	0	0	0	0	53.16163	0	4.575866	0	0	0	0	0	0	0	0	0	0	0	0	0	0	0	19.81775	0	0	0	0	0	0	0	0
151.24	131.496	0	0	0	0	59.442098	0	0	0	0	0	0	0	0	0	0	0	9.884291	0	0	0	0	0	56.189558	0	4.555626	0	0	0	0	0	0	0	0	0	0	0	0	0	0	0	21.16861	0	0	0	0	0	0	0	0
169.553	149.496	0	0	0	0	67.181868	0	0	0	0	0	0	0	0	0	0	0	9.692109	0	0	0	0	0	66.839235	0	4.663949	0	0	0	0	0	0	0	0	0	0	0	0	0	0	0	21.17628	0	0	0	0	0	0	0	0
223.735	202.948	0	0	0	0	89.587807	0	0	0	0	0	0	0	0	0	0	0	10.057583	0	0	0	0	0	98.441048	0	4.548982	0	0	0	0	0	0	0	0	0	0	0	0	0	0	0	21.09915	0	0	0	0	0	0	0	0
128.489	113.876	0	0	0	0	51.132394	0	0	0	0	0	0	0	0	0	0	0	9.78389	0	0	0	0	0	43.30382	0	4.737544	0	0	0	0	0	0	0	0	0	0	0	0	0	0	0	19.53091	0	0	0	0	0	0	0	0
206.107	185.284	0	0	0	0	82.816153	0	0	0	0	0	0	0	0	0	0	0	9.885862	0	0	0	0	0	87.593485	0	4.739318	0	0	0	0	0	0	0	0	0	0	0	0	0	0	0	21.07177	0	0	0	0	0	0	0	0
142.31	136.076	0	0	0	0	50.914407	0	0	0	0	0	0	0	0	0	0	0	5.601329	0	0	0	0	0	61.497152	0	4.784481	0	0	0	0	0	0	0	0	0	0	0	0	0	0	0	19.51282	0	0	0	0	0	0	0	0
143.554	131.668	0	0	0	0	60.230486	0	0	0	0	0	0	0	0	0	0	0	5.747037	0	0	0	0	0	56.250257	0	4.894902	0	0	0	0	0	0	0	0	0	0	0	0	0	0	0	16.43156	0	0	0	0	0	0	0	0
128.983	113.696	0	0	0	0	54.280474	0	0	0	0	0	0	0	0	0	0	0	5.432722	0	0	0	0	0	47.612666	0	5.229428	0	0	0	0	0	0	0	0	0	0	0	0	0	0	0	16.42812	0	0	0	0	0	0	0	0
164.922	149.364	0	0	0	0	68.783479	0	0	0	0	0	0	0	0	0	0	0	5.444289	0	0	0	0	0	69.484262	0	5.0362	0	0	0	0	0	0	0	0	0	0	0	0	0	0	0	16.17336	0	0	0	0	0	0	0	0
143.723	132.156	0	0	0	0	58.393315	0	0	0	0	0	0	0	0	0	0	0	0	0	0	0	0	0	63.887239	0	4.628639	0	0	0	0	0	0	0	0	0	0	0	0	0	0	0	16.81355	0	0	0	0	0	0	0	0
138.848	132.3	0	0	0	0	57.461837	0	0	0	0	0	0	0	0	0	0	0	0	0	0	0	0	0	60.287362	0	4.84589	0	0	0	0	0	0	0	0	0	0	0	0	0	0	0	16.25282	0	0	0	0	0	0	0	0
146.757	131.232	0	0	0	0	60.242742	0	0	0	0	0	0	0	0	0	0	0	5.58601	0	0	0	0	0	58.285983	0	4.659855	0	0	0	0	0	0	0	0	0	0	0	0	0	0	0	17.9823	0	0	0	0	0	0	0	0
130.53	113.708	0	0	0	0	53.213977	0	0	0	0	0	0	0	0	0	0	0	5.227439	0	0	0	0	0	48.809694	0	4.758312	0	0	0	0	0	0	0	0	0	0	0	0	0	0	0	18.52037	0	0	0	0	0	0	0	0
127.946	113.724	0	0	0	0	49.409743	0	0	0	0	0	0	0	0	0	0	0	8.705874	0	0	0	0	0	44.089778	0	4.727834	0	0	0	0	0	0	0	0	0	0	0	0	0	0	0	21.01284	0	0	0	0	0	0	0	0
89.9255	71.928	0	0	0	0	21.85907	0	0	0	0	0	0	0	0	0	0	0	19.160303	0	0	0	0	0	0	0	8.290448	0	0	0	0	0	0	0	0	0	0	0	0	0	0	0	40.61572	0	0	0	0	0	0	0	0
117.974	102.104	0	0	0	0	20.948516	0	0	0	0	0	0	0	0	0	0	0	26.057474	0	0	0	0	0	0	0	12.939136	0	0	0	0	0	0	0	0	0	0	0	0	0	0	0	58.02929	0	0	0	0	0	0	0	0
136.551	124.444	0	0	0	0	9.806798	69.178533	0	0	0	0	0	0	0	0	0	0	9.788867	0	0	0	0	22.184462	0	0	4.474823	0	0	0	0	0	0	0	0	0	0	0	0	0	0	0	21.11716	0	0	0	0	0	0	0	0
151.509	142.328	0	0	0	0	18.927171	67.388192	0	0	0	0	0	0	0	0	0	0	9.799071	0	0	0	0	22.053117	9.981836	0	4.982939	0	0	0	0	0	0	0	0	0	0	0	0	0	0	0	18.37701	0	0	0	0	0	0	0	0
172.402	160.308	0	0	0	0	24.847316	68.647979	0	0	0	0	0	0	0	0	0	0	10.165182	0	0	0	0	22.688707	20.525645	0	4.603201	0	0	0	0	0	0	0	0	0	0	0	0	0	0	0	20.9238	0	0	0	0	0	0	0	0
135.324	123.408	0	0	0	0	15.78085	64.320983	0	0	0	0	0	0	0	0	0	0	0	0	0	0	0	17.603536	14.170939	0	4.082588	0	0	0	0	0	0	0	0	0	0	0	0	0	0	0	19.36538	0	0	0	0	0	0	0	0
136.303	123.2	0	0	0	0	17.92605	61.201749	0	0	0	0	0	0	0	0	0	0	0	0	0	0	0	18.484487	13.610725	0	4.263931	0	0	0	0	0	0	0	0	0	0	0	0	0	0	0	20.81644	0	0	0	0	0	0	0	0
119.076	105.556	0	0	0	0	0	71.828883	0	0	0	0	0	0	0	0	0	0	0	0	0	0	0	21.950358	0	0	4.361106	0	0	0	0	0	0	0	0	0	0	0	0	0	0	0	20.93542	0	0	0	0	0	0	0	0
136.308	123.204	0	0	0	0	17.76972	61.218759	0	0	0	0	0	0	0	0	0	0	0	0	0	0	0	18.290054	13.736474	0	4.356786	0	0	0	0	0	0	0	0	0	0	0	0	0	0	0	20.93632	0	0	0	0	0	0	0	0
160.337	154.688	0	0	0	0	0	106.323982	0	0	0	0	0	0	0	0	0	0	0	0	0	0	0	30.565153	0	0	3.378408	0	0	0	0	0	0	0	0	0	0	0	0	0	0	0	20.06912	0	0	0	0	0	0	0	0
151.801	141.232	0	0	0	0	31.10189	53.649736	0	0	0	0	0	0	0	0	0	0	0	0	0	0	0	13.910912	27.977706	0	4.244862	0	0	0	0	0	0	0	0	0	0	0	0	0	0	0	20.91561	0	0	0	0	0	0	0	0
152.189	140.716	0	0	0	0	32.87964	53.616224	0	0	0	0	0	0	0	0	0	0	0	0	0	0	0	13.976635	28.095927	0	3.151802	0	0	0	0	0	0	0	0	0	0	0	0	0	0	0	20.46881	0	0	0	0	0	0	0	0
179.326	177.028	0	0	0	0	37.94346	54.990794	0	0	0	0	0	0	0	0	0	0	0	0	0	0	0	16.759205	44.226516	0	4.358261	0	0	0	0	0	0	0	0	0	0	0	0	0	0	0	21.04747	0	0	0	0	0	0	0	0
152.606	141.18	0	0	0	0	33.57028	53.393313	0	0	0	0	0	0	0	0	0	0	0	0	0	0	0	13.752339	28.482121	0	4.174705	0	0	0	0	0	0	0	0	0	0	0	0	0	0	0	19.23303	0	0	0	0	0	0	0	0
153.603	141.076	0	0	0	0	35.08942	51.472674	0	0	0	0	0	0	0	0	0	0	0	0	0	0	0	14.504615	27.731931	0	4.215268	0	0	0	0	0	0	0	0	0	0	0	0	0	0	0	20.58908	0	0	0	0	0	0	0	0
162.331	155.14	0	0	0	0	0	105.422187	0	0	0	0	0	0	0	0	0	0	0	0	0	0	0	31.762278	0	0	4.365854	0	0	0	0	0	0	0	0	0	0	0	0	0	0	0	20.7805	0	0	0	0	0	0	0	0
150.008	140.532	0	0	0	0	30.54177	56.076462	0	0	0	0	0	0	0	0	0	0	0	0	0	0	0	13.320824	27.086361	0	4.137516	0	0	0	0	0	0	0	0	0	0	0	0	0	0	0	18.84508	0	0	0	0	0	0	0	0
150.261	140.436	0	0	0	0	31.14339	56.097848	0	0	0	0	0	0	0	0	0	0	0	0	0	0	0	13.135633	28.378812	0	2.960228	0	0	0	0	0	0	0	0	0	0	0	0	0	0	0	18.54486	0	0	0	0	0	0	0	0
153.562	141.788	0	0	0	0	26.516816	58.839959	0	0	0	0	0	0	0	0	0	0	0	0	0	0	0	19.102256	23.921471	0	4.221239	0	0	0	0	0	0	0	0	0	0	0	0	0	0	0	20.95989	0	0	0	0	0	0	0	0
171.614	159.648	0	0	0	0	33.859134	58.273865	0	0	0	0	0	0	0	0	0	0	0	0	0	0	0	19.157471	34.905944	0	4.285813	0	0	0	0	0	0	0	0	0	0	0	0	0	0	0	21.13204	0	0	0	0	0	0	0	0
153.625	141.888	0	0	0	0	26.710022	58.730798	0	0	0	0	0	0	0	0	0	0	0	0	0	0	0	18.885836	24.199079	0	4.184241	0	0	0	0	0	0	0	0	0	0	0	0	0	0	0	20.91477	0	0	0	0	0	0	0	0
115.375	95.044	0	0	0	0	55.012681	0	0	0	0	0	0	0	0	0	0	0	19.385757	0	0	0	0	0	28.376345	0	0	0	0	0	0	0	0	0	0	0	0	0	0	0	0	0	0	12.59987	0	0	0	0	0	0	0
116.544	101.76	0	0	0	0	51.620498	0	0	0	0	0	0	0	0	0	0	0	15.390002	0	0	0	0	0	35.455763	0	0	0	0	0	0	0	0	0	0	0	0	0	0	0	0	0	0	14.07734	0	0	0	0	0	0	0
145.813	132.76	0	0	0	0	66.145874	0	0	0	0	0	0	0	0	0	0	0	10.246341	0	0	0	0	0	59.246069	0	0	0	0	0	0	0	0	0	0	0	0	0	0	0	0	0	0	10.17464	0	0	0	0	0	0	0
99.6516	83.768	0	0	0	0	44.61239	0	0	0	0	0	0	0	0	0	0	0	19.677427	0	0	0	0	0	19.911173	0	0	0	0	0	0	0	0	0	0	0	0	0	0	0	0	0	0	15.45058	0	0	0	0	0	0	0
151.558	130.764	0	0	0	0	70.486969	0	0	0	0	0	0	0	0	0	0	0	20.527883	0	0	0	0	0	48.423543	0	0	0	0	0	0	0	0	0	0	0	0	0	0	0	0	0	0	12.11992	0	0	0	0	0	0	0
78.9876	60.096	0	0	0	0	37.41213	0	0	0	0	0	0	0	0	0	0	0	26.923082	0	0	0	0	0	0	0	0	0	0	0	0	0	0	0	0	0	0	0	0	0	0	0	0	14.65235	0	0	0	0	0	0	0
187.528	166.676	0	0	0	0	85.268481	0	0	0	0	0	0	0	0	0	0	0	19.997228	0	0	0	0	0	70.189919	0	0	0	0	0	0	0	0	0	0	0	0	0	0	0	0	0	0	12.07247	0	0	0	0	0	0	0
97.0913	77.508	0	0	0	0	45.855297	0	0	0	0	0	0	0	0	0	0	0	23.320826	0	0	0	0	0	14.456801	0	0	0	0	0	0	0	0	0	0	0	0	0	0	0	0	0	0	13.45842	0	0	0	0	0	0	0
115.215	95.212	0	0	0	0	53.660767	0	0	0	0	0	0	0	0	0	0	0	23.865753	0	0	0	0	0	24.027521	0	0	0	0	0	0	0	0	0	0	0	0	0	0	0	0	0	0	13.6605	0	0	0	0	0	0	0
111.651	95.464	0	0	0	0	50.198587	0	0	0	0	0	0	0	0	0	0	0	19.087459	0	0	0	0	0	29.208992	0	0	0	0	0	0	0	0	0	0	0	0	0	0	0	0	0	0	13.15604	0	0	0	0	0	0	0
133.513	112.888	0	0	0	0	63.074144	0	0	0	0	0	0	0	0	0	0	0	19.763719	0	0	0	0	0	38.724304	0	0	0	0	0	0	0	0	0	0	0	0	0	0	0	0	0	0	11.95119	0	0	0	0	0	0	0
95.1561	79.04	0	0	0	0	35.29197	0	0	0	0	0	0	0	0	0	0	0	19.601161	9.01363	0	0	0	0	0	0	0	0	0	0	0	0	0	0	0	0	0	0	0	0	0	0	0	31.24934	0	0	0	0	0	0	0
133.23	119.592	0	0	0	0	57.426989	0	0	0	0	0	0	0	0	0	0	0	12.070871	0	0	0	0	0	50.881964	0	0	0	0	0	0	0	0	0	0	0	0	0	0	0	0	0	0	12.85044	0	0	0	0	0	0	0
124.022	112.992	0	0	0	0	54.67812	0	0	0	0	0	0	0	0	0	0	0	12.63917	0	0	0	0	0	44.245908	0	0	0	0	0	0	0	0	0	0	0	0	0	0	0	0	0	0	12.45855	0	0	0	0	0	0	0
127.823	107.884	0	0	0	0	53.200774	0	0	0	0	0	0	0	0	0	0	0	47.584153	0	0	0	0	0	0	0	0	0	0	0	0	0	0	0	0	0	0	0	0	0	0	0	0	27.03797	0	0	0	0	0	0	0
164.128	142.464	0	0	0	0	71.764554	0	0	0	0	0	0	0	0	0	0	0	39.179862	0	0	0	0	0	28.181071	0	0	0	0	0	0	0	0	0	0	0	0	0	0	0	0	0	0	25.003	0	0	0	0	0	0	0
135.603	123.148	0	0	0	0	16.2368	70.918841	0	0	0	0	0	0	0	0	0	0	13.975459	0	0	0	0	20.952402	0	0	0	0	0	0	0	0	0	0	0	0	0	0	0	0	0	0	0	13.51982	0	0	0	0	0	0	0
153.864	140.376	0	0	0	0	25.649796	70.064519	0	0	0	0	0	0	0	0	0	0	9.969036	0	0	0	0	21.368498	14.232505	0	0	0	0	0	0	0	0	0	0	0	0	0	0	0	0	0	0	12.58008	0	0	0	0	0	0	0
175.151	154.78	0	0	0	0	84.561956	0	0	0	0	0	0	0	0	0	0	0	0	0	0	0	0	0	90.588692	0	0	0	0	0	0	0	0	0	0	0	0	0	0	0	0	0	0	0	0	0	0	0	0	0	0
66.4508	47.564	0	0	0	0	39.21306	0	0	0	0	0	0	0	0	0	0	0	0	0	0	0	0	0	27.237696	0	0	0	0	0	0	0	0	0	0	0	0	0	0	0	0	0	0	0	0	0	0	0	0	0	0
84.4971	65.32	0	0	0	0	46.4988	0	0	0	0	0	0	0	0	0	0	0	0	0	0	0	0	0	37.998344	0	0	0	0	0	0	0	0	0	0	0	0	0	0	0	0	0	0	0	0	0	0	0	0	0	0
76.7136	58.528	0	0	0	0	0	0	0	0	0	0	0	0	0	51.95145	0	0	0	0	0	0	0	0	24.762138	0	0	0	0	0	0	0	0	0	0	0	0	0	0	0	0	0	0	0	0	0	0	0	0	0	0
101.24	83.704	0	0	0	0	52.305066	0	0	0	0	0	0	0	0	0	0	0	0	0	0	0	0	0	48.934729	0	0	0	0	0	0	0	0	0	0	0	0	0	0	0	0	0	0	0	0	0	0	0	0	0	0
130.093	120.2	0	0	0	0	62.54554	0	0	0	0	0	0	0	0	0	0	0	0	0	0	0	0	0	67.547908	0	0	0	0	0	0	0	0	0	0	0	0	0	0	0	0	0	0	0	0	0	0	0	0	0	0
115.483	101.252	0	0	0	0	58.674449	0	0	0	0	0	0	0	0	0	0	0	0	0	0	0	0	0	56.808938	0	0	0	0	0	0	0	0	0	0	0	0	0	0	0	0	0	0	0	0	0	0	0	0	0	0
130.85	119.96	0	0	0	0	65.480388	0	0	0	0	0	0	0	0	0	0	0	0	0	0	0	0	0	65.369954	0	0	0	0	0	0	0	0	0	0	0	0	0	0	0	0	0	0	0	0	0	0	0	0	0	0
133.497	119.556	0	0	0	0	65.935161	0	0	0	0	0	0	0	0	0	0	0	0	0	0	0	0	0	67.562072	0	0	0	0	0	0	0	0	0	0	0	0	0	0	0	0	0	0	0	0	0	0	0	0	0	0
120.906	106.872	0	0	0	0	59.254852	0	0	0	0	0	0	0	0	0	0	0	0	0	0	0	0	0	61.65165	0	0	0	0	0	0	0	0	0	0	0	0	0	0	0	0	0	0	0	0	0	0	0	0	0	0
102.51	83.24	0	0	0	0	54.243247	0	0	0	0	0	0	0	0	0	0	0	0	0	0	0	0	0	48.267193	0	0	0	0	0	0	0	0	0	0	0	0	0	0	0	0	0	0	0	0	0	0	0	0	0	0
135.174	119.136	0	0	0	0	66.405077	0	0	0	0	0	0	0	0	0	0	0	0	0	0	0	0	0	68.769061	0	0	0	0	0	0	0	0	0	0	0	0	0	0	0	0	0	0	0	0	0	0	0	0	0	0
144.029	135.804	0	0	0	0	68.81151	0	0	0	0	0	0	0	0	0	0	0	0	0	0	0	0	0	75.217197	0	0	0	0	0	0	0	0	0	0	0	0	0	0	0	0	0	0	0	0	0	0	0	0	0	0
134.499	124.272	0	0	0	0	61.393311	0	0	0	0	0	0	0	0	0	0	0	0	0	0	0	0	0	73.105383	0	0	0	0	0	0	0	0	0	0	0	0	0	0	0	0	0	0	0	0	0	0	0	0	0	0
120.491	101.024	0	0	0	0	61.911986	0	0	0	0	0	0	0	0	0	0	0	0	0	0	0	0	0	58.579332	0	0	0	0	0	0	0	0	0	0	0	0	0	0	0	0	0	0	0	0	0	0	0	0	0	0
138.774	119.192	0	0	0	0	69.200176	0	0	0	0	0	0	0	0	0	0	0	0	0	0	0	0	0	69.573982	0	0	0	0	0	0	0	0	0	0	0	0	0	0	0	0	0	0	0	0	0	0	0	0	0	0
118.102	105.94	0	0	0	0	55.403778	0	0	0	0	0	0	0	0	0	0	0	0	0	0	0	0	0	62.698019	0	0	0	0	0	0	0	0	0	0	0	0	0	0	0	0	0	0	0	0	0	0	0	0	0	0
193.11	172.652	0	0	0	0	91.780873	0	0	0	0	0	0	0	0	0	0	0	0	0	0	0	0	0	101.328866	0	0	0	0	0	0	0	0	0	0	0	0	0	0	0	0	0	0	0	0	0	0	0	0	0	0
156.884	137.092	0	0	0	0	76.950356	0	0	0	0	0	0	0	0	0	0	0	0	0	0	0	0	0	79.934039	0	0	0	0	0	0	0	0	0	0	0	0	0	0	0	0	0	0	0	0	0	0	0	0	0	0
104.554	88.988	0	0	0	0	53.78462	0	0	0	0	0	0	0	0	0	0	0	0	0	0	0	0	0	50.768956	0	0	0	0	0	0	0	0	0	0	0	0	0	0	0	0	0	0	0	0	0	0	0	0	0	0
131.346	123.436	0	0	0	0	60.300788	0	0	0	0	0	0	0	0	0	0	0	0	0	0	0	0	0	71.045453	0	0	0	0	0	0	0	0	0	0	0	0	0	0	0	0	0	0	0	0	0	0	0	0	0	0
143.822	140.588	0	0	0	0	66.870009	0	0	0	0	0	0	0	0	0	0	0	0	0	0	0	0	0	76.952065	0	0	0	0	0	0	0	0	0	0	0	0	0	0	0	0	0	0	0	0	0	0	0	0	0	0
115.588	102.492	0	0	0	0	55.18399	0	0	0	0	0	0	0	0	0	0	0	0	0	0	0	0	0	60.403789	0	0	0	0	0	0	0	0	0	0	0	0	0	0	0	0	0	0	0	0	0	0	0	0	0	0
158.297	154.344	0	0	0	0	73.043157	0	0	0	0	0	0	0	0	0	0	0	0	0	0	0	0	0	85.253676	0	0	0	0	0	0	0	0	0	0	0	0	0	0	0	0	0	0	0	0	0	0	0	0	0	0
144.16	138.584	0	0	0	0	69.78658	0	0	0	0	0	0	0	0	0	0	0	0	0	0	0	0	0	74.37353	0	0	0	0	0	0	0	0	0	0	0	0	0	0	0	0	0	0	0	0	0	0	0	0	0	0
146.313	138.452	0	0	0	0	71.885526	0	0	0	0	0	0	0	0	0	0	0	0	0	0	0	0	0	74.427327	0	0	0	0	0	0	0	0	0	0	0	0	0	0	0	0	0	0	0	0	0	0	0	0	0	0
160.468	156.58	0	0	0	0	76.269285	0	0	0	0	0	0	0	0	0	0	0	0	0	0	0	0	0	84.198796	0	0	0	0	0	0	0	0	0	0	0	0	0	0	0	0	0	0	0	0	0	0	0	0	0	0
148.981	142.796	0	0	0	0	67.24452	0	0	0	0	0	0	0	0	0	0	0	0	0	0	0	0	0	81.736714	0	0	0	0	0	0	0	0	0	0	0	0	0	0	0	0	0	0	0	0	0	0	0	0	0	0
149.735	138.464	0	0	0	0	72.555713	0	0	0	0	0	0	0	0	0	0	0	0	0	0	0	0	0	77.179247	0	0	0	0	0	0	0	0	0	0	0	0	0	0	0	0	0	0	0	0	0	0	0	0	0	0
169.771	155.244	0	0	0	0	82.342184	0	0	0	0	0	0	0	0	0	0	0	0	0	0	0	0	0	87.429108	0	0	0	0	0	0	0	0	0	0	0	0	0	0	0	0	0	0	0	0	0	0	0	0	0	0
151.12	142.768	0	0	0	0	67.243249	0	0	0	0	0	0	0	0	0	0	0	0	0	0	0	0	0	83.876883	0	0	0	0	0	0	0	0	0	0	0	0	0	0	0	0	0	0	0	0	0	0	0	0	0	0
148.418	138.328	0	0	0	0	70.25833	0	0	0	0	0	0	0	0	0	0	0	0	0	0	0	0	0	78.159917	0	0	0	0	0	0	0	0	0	0	0	0	0	0	0	0	0	0	0	0	0	0	0	0	0	0
151.639	137.036	0	0	0	0	74.240531	0	0	0	0	0	0	0	0	0	0	0	0	0	0	0	0	0	77.398853	0	0	0	0	0	0	0	0	0	0	0	0	0	0	0	0	0	0	0	0	0	0	0	0	0	0
211.364	190.656	0	0	0	0	99.544529	0	0	0	0	0	0	0	0	0	0	0	0	0	0	0	0	0	111.819033	0	0	0	0	0	0	0	0	0	0	0	0	0	0	0	0	0	0	0	0	0	0	0	0	0	0
155.265	142.576	0	0	0	0	73.659968	0	0	0	0	0	0	0	0	0	0	0	0	0	0	0	0	0	81.605329	0	0	0	0	0	0	0	0	0	0	0	0	0	0	0	0	0	0	0	0	0	0	0	0	0	0
146.99	142.492	0	0	0	0	68.732354	0	0	0	0	0	0	0	0	0	0	0	0	0	0	0	0	0	78.257792	0	0	0	0	0	0	0	0	0	0	0	0	0	0	0	0	0	0	0	0	0	0	0	0	0	0
178.157	174.98	0	0	0	0	81.272662	0	0	0	0	0	0	0	0	0	0	0	0	0	0	0	0	0	96.88477	0	0	0	0	0	0	0	0	0	0	0	0	0	0	0	0	0	0	0	0	0	0	0	0	0	0
190.966	178.528	0	0	0	0	88.332644	0	0	0	0	0	0	0	0	0	0	0	0	0	0	0	0	0	102.633171	0	0	0	0	0	0	0	0	0	0	0	0	0	0	0	0	0	0	0	0	0	0	0	0	0	0
150.731	143.096	0	0	0	0	0	115.329961	0	0	0	0	0	0	0	0	0	0	0	0	0	0	0	35.401287	0	0	0	0	0	0	0	0	0	0	0	0	0	0	0	0	0	0	0	0	0	0	0	0	0	0	0
192.279	192.728	0	0	0	0	0	149.26202	0	0	0	0	0	0	0	0	0	0	0	0	0	0	0	43.0173	0	0	0	0	0	0	0	0	0	0	0	0	0	0	0	0	0	0	0	0	0	0	0	0	0	0	0
124.795	111.384	0	0	0	0	17.96144	70.941561	0	0	0	0	0	0	0	0	0	0	0	0	0	0	0	22.132272	13.759598	0	0	0	0	0	0	0	0	0	0	0	0	0	0	0	0	0	0	0	0	0	0	0	0	0	0
171.3	167.216	0	0	0	0	21.44007	101.735287	0	0	0	0	0	0	0	0	0	0	0	0	0	0	0	27.733382	20.391103	0	0	0	0	0	0	0	0	0	0	0	0	0	0	0	0	0	0	0	0	0	0	0	0	0	0
185.612	182.228	0	0	0	0	9.684209	118.949565	0	0	0	0	0	0	10.963154	0	0	0	0	0	0	0	0	35.027331	10.987377	0	0	0	0	0	0	0	0	0	0	0	0	0	0	0	0	0	0	0	0	0	0	0	0	0	0
166.616	160.928	0	0	0	0	15.0729	107.069379	0	0	0	0	0	0	0	0	0	0	0	0	0	0	0	30.129462	14.343906	0	0	0	0	0	0	0	0	0	0	0	0	0	0	0	0	0	0	0	0	0	0	0	0	0	0
182.019	175.996	0	0	0	0	0	131.70183	0	0	0	0	0	0	4.995468	0	0	0	0	0	0	0	0	45.321328	0	0	0	0	0	0	0	0	0	0	0	0	0	0	0	0	0	0	0	0	0	0	0	0	0	0	0
140.08	128.912	0	0	0	0	30.92876	64.317891	0	0	0	0	0	0	0	0	0	0	0	0	0	0	0	16.806156	28.026885	0	0	0	0	0	0	0	0	0	0	0	0	0	0	0	0	0	0	0	0	0	0	0	0	0	0
157.453	146.992	0	0	0	0	48.52427	53.280548	0	0	0	0	0	0	0	0	0	0	0	0	0	0	0	13.738575	41.909248	0	0	0	0	0	0	0	0	0	0	0	0	0	0	0	0	0	0	0	0	0	0	0	0	0	0
167.467	164.864	0	0	0	0	37.3818	65.760441	0	0	0	0	0	0	0	0	0	0	0	0	0	0	0	20.001296	44.323159	0	0	0	0	0	0	0	0	0	0	0	0	0	0	0	0	0	0	0	0	0	0	0	0	0	0
156.488	147.896	0	0	0	0	33.294578	67.193927	0	0	0	0	0	0	0	0	0	0	0	0	0	0	0	21.686015	34.313725	0	0	0	0	0	0	0	0	0	0	0	0	0	0	0	0	0	0	0	0	0	0	0	0	0	0
174.096	165.812	0	0	0	0	51.408984	56.397304	0	0	0	0	0	0	0	0	0	0	0	0	0	0	0	18.300767	47.989382	0	0	0	0	0	0	0	0	0	0	0	0	0	0	0	0	0	0	0	0	0	0	0	0	0	0
142.105	129.804	0	0	0	0	26.398533	68.82081	0	0	0	0	0	0	0	0	0	0	0	0	0	0	0	22.447943	24.437474	0	0	0	0	0	0	0	0	0	0	0	0	0	0	0	0	0	0	0	0	0	0	0	0	0	0
197.248	194.932	0	0	0	0	6.922471	136.145004	0	0	0	0	0	0	0	0	0	0	0	0	0	0	0	44.172918	10.007372	0	0	0	0	0	0	0	0	0	0	0	0	0	0	0	0	0	0	0	0	0	0	0	0	0	0
160.074	147.804	0	0	0	0	34.400559	68.736309	0	0	0	0	0	0	0	0	0	0	0	0	0	0	0	22.419392	34.51747	0	0	0	0	0	0	0	0	0	0	0	0	0	0	0	0	0	0	0	0	0	0	0	0	0	0
177.907	165.764	0	0	0	0	41.514757	68.511464	0	0	0	0	0	0	0	0	0	0	0	0	0	0	0	22.6308	45.249885	0	0	0	0	0	0	0	0	0	0	0	0	0	0	0	0	0	0	0	0	0	0	0	0	0	0
142.07	129.22	0	0	0	0	35.69399	59.998009	0	0	0	0	0	0	0	0	0	0	0	0	0	0	0	18.728717	27.649244	0	0	0	0	0	0	0	0	0	0	0	0	0	0	0	0	0	0	0	0	0	0	0	0	0	0
142.036	128.916	0	0	0	0	35.08474	60.719706	0	0	0	0	0	0	0	0	0	0	0	0	0	0	0	18.411215	27.820571	0	0	0	0	0	0	0	0	0	0	0	0	0	0	0	0	0	0	0	0	0	0	0	0	0	0
159.03	146.668	0	0	0	0	53.68885	49.280375	0	0	0	0	0	0	0	0	0	0	0	0	0	0	0	14.902049	41.158972	0	0	0	0	0	0	0	0	0	0	0	0	0	0	0	0	0	0	0	0	0	0	0	0	0	0
171.337	165.848	0	0	0	0	41.354896	64.329887	0	0	0	0	0	0	0	0	0	0	0	0	0	0	0	21.889795	43.762388	0	0	0	0	0	0	0	0	0	0	0	0	0	0	0	0	0	0	0	0	0	0	0	0	0	0
144.999	135.296	0	0	0	0	31.44851	64.922684	0	0	0	0	0	0	0	0	0	0	0	0	0	0	0	17.284372	31.343845	0	0	0	0	0	0	0	0	0	0	0	0	0	0	0	0	0	0	0	0	0	0	0	0	0	0
154.212	145.968	0	0	0	0	45.42097	54.215412	0	0	0	0	0	0	0	0	0	0	0	0	0	0	0	13.521711	41.053836	0	0	0	0	0	0	0	0	0	0	0	0	0	0	0	0	0	0	0	0	0	0	0	0	0	0
196.335	183.732	0	0	0	0	48.938084	68.729635	0	0	0	0	0	0	0	0	0	0	0	0	0	0	0	22.767488	55.899694	0	0	0	0	0	0	0	0	0	0	0	0	0	0	0	0	0	0	0	0	0	0	0	0	0	0
168.165	165.656	0	0	0	0	38.848031	62.971738	0	0	0	0	0	0	0	0	0	0	0	0	0	0	0	21.735153	44.609581	0	0	0	0	0	0	0	0	0	0	0	0	0	0	0	0	0	0	0	0	0	0	0	0	0	0
181.39	178.324	0	0	0	0	30.66389	97.233056	0	0	0	0	0	0	0	0	0	0	0	0	0	0	0	25.035105	28.457602	0	0	0	0	0	0	0	0	0	0	0	0	0	0	0	0	0	0	0	0	0	0	0	0	0	0
183.751	178.716	0	0	0	0	32.91302	95.765883	0	0	0	0	0	0	0	0	0	0	0	0	0	0	0	26.787947	28.283748	0	0	0	0	0	0	0	0	0	0	0	0	0	0	0	0	0	0	0	0	0	0	0	0	0	0
183.668	178.712	0	0	0	0	30.85968	98.026581	0	0	0	0	0	0	0	0	0	0	0	0	0	0	0	26.8119	27.9695	0	0	0	0	0	0	0	0	0	0	0	0	0	0	0	0	0	0	0	0	0	0	0	0	0	0
185.001	178.64	0	0	0	0	35.92781	93.506908	0	0	0	0	0	0	0	0	0	0	0	0	0	0	0	28.242851	27.323363	0	0	0	0	0	0	0	0	0	0	0	0	0	0	0	0	0	0	0	0	0	0	0	0	0	0
159.249	147.812	0	0	0	0	43.931393	58.110764	0	0	0	0	0	0	0	0	0	0	0	0	0	0	0	18.847366	38.358986	0	0	0	0	0	0	0	0	0	0	0	0	0	0	0	0	0	0	0	0	0	0	0	0	0	0
213.943	201.5	0	0	0	0	56.565364	68.571809	0	0	0	0	0	0	0	0	0	0	0	0	0	0	0	22.678778	66.126919	0	0	0	0	0	0	0	0	0	0	0	0	0	0	0	0	0	0	0	0	0	0	0	0	0	0
181.795	179.492	0	0	0	0	24.945194	103.122608	0	0	0	0	0	0	0	0	0	0	0	0	0	0	0	30.526264	23.201396	0	0	0	0	0	0	0	0	0	0	0	0	0	0	0	0	0	0	0	0	0	0	0	0	0	0
181.033	184.26	0	0	0	0	46.314688	62.595061	0	0	0	0	0	0	0	0	0	0	0	0	0	0	0	20.257184	51.866276	0	0	0	0	0	0	0	0	0	0	0	0	0	0	0	0	0	0	0	0	0	0	0	0	0	0
204.449	210.684	0	0	0	0	0	160.26773	0	0	0	0	0	0	0	0	0	0	0	0	0	0	0	44.181753	0	0	0	0	0	0	0	0	0	0	0	0	0	0	0	0	0	0	0	0	0	0	0	0	0	0	0
102.216	86.936	0	0	0	0	0	75.49235	0	0	0	0	0	0	0	0	0	0	0	0	0	8.39318	0	13.033202	0	0	0	0	0	0	0	0	0	0	5.297034	0	0	0	0	0	0	0	0	0	0	0	0	0	0	0	0
154.658	144.14	0	0	0	0	16.51205	67.772371	5.451848	17.41618	0	0	0	0	0	0	0	0	0	0	0	4.463949	0	17.509248	15.143531	8.528394	0	0	0	0	0	0	0	1.860443	0	0	0	0	0	0	0	0	0	0	0	0	0	0	0	0	0
145.903	136.332	0	0	0	0	0	109.603334	0	0	0	0	0	0	0	0	0	0	0	0	0	4.251467	0	26.464345	0	0	0	0	0	0	0	0	0	0	5.583578	0	0	0	0	0	0	0	0	0	0	0	0	0	0	0	0
111.744	95.756	0	0	0	0	20.19307	0	30.73472	29.84887	0	0	0	0	0	0	0	0	13.430021	0	0	9.258415	0	8.279061	0	0	0	0	0	0	0	0	0	0	0	0	0	0	0	0	0	0	0	0	0	0	0	0	0	0	0
137.961	123.096	0	0	0	0	27.058607	63.149773	0	0	0	0	0	0	0	0	0	0	0	0	0	4.129584	0	13.44366	24.535716	0	0	0	0	0	0	0	0	0	5.643825	0	0	0	0	0	0	0	0	0	0	0	0	0	0	0	0
137.399	122.28	0	0	0	0	35.36652	54.598298	0	0	0	0	0	0	0	0	0	0	0	0	0	4.197214	0	9.518236	28.132162	0	0	0	0	0	0	0	0	0	5.587053	0	0	0	0	0	0	0	0	0	0	0	0	0	0	0	0
138.403	122.464	0	0	0	0	35.47999	54.891308	0	0	0	0	0	0	0	0	0	0	0	0	0	0	0	12.917495	29.487806	0	0	0	0	0	0	0	0	0	5.626383	0	0	0	0	0	0	0	0	0	0	0	0	0	0	0	0
119.429	104.684	0	0	0	0	17.88963	64.763437	0	0	0	0	0	0	0	0	0	0	0	0	0	8.371459	0	9.309727	13.758508	0	0	0	0	0	0	0	0	0	5.336332	0	0	0	0	0	0	0	0	0	0	0	0	0	0	0	0
119.483	104.712	0	0	0	0	17.70148	64.693976	0	0	0	0	0	0	0	0	0	0	0	0	0	8.821711	0	8.958929	13.922245	0	0	0	0	0	0	0	0	0	5.384331	0	0	0	0	0	0	0	0	0	0	0	0	0	0	0	0
120.525	104.96	0	0	0	0	17.50572	65.872904	0	0	0	0	0	0	0	0	0	0	0	0	0	4.259114	0	13.133074	14.62251	0	0	0	0	0	0	0	0	0	5.131983	0	0	0	0	0	0	0	0	0	0	0	0	0	0	0	0
92.7622	75.896	0	0	0	0	0	0	36.33095	29.80653	0	0	0	0	0	0	0	0	0	0	0	8.356195	0	8.44629	0	8.422837	0	0	0	0	0	0	0	1.39944	0	0	0	0	0	0	0	0	0	0	0	0	0	0	0	0	0
136.479	123.216	0	0	0	0	26.5357	62.005933	0	0	0	0	0	0	0	0	0	0	0	0	0	8.506267	0	9.906309	24.251209	0	0	0	0	0	0	0	0	0	5.273441	0	0	0	0	0	0	0	0	0	0	0	0	0	0	0	0
136.674	123.312	0	0	0	0	26.484991	62.168224	0	0	0	0	0	0	0	0	0	0	0	0	0	9.041191	0	9.214952	24.317629	0	0	0	0	0	0	0	0	0	5.446921	0	0	0	0	0	0	0	0	0	0	0	0	0	0	0	0
134.809	122.924	0	0	0	0	31.2867	57.075817	0	0	0	0	0	0	0	0	0	0	0	0	0	8.44641	0	4.559591	28.021781	0	0	0	0	0	0	0	0	0	5.418781	0	0	0	0	0	0	0	0	0	0	0	0	0	0	0	0
135.632	122.744	0	0	0	0	32.03398	57.361057	0	0	0	0	0	0	0	0	0	0	0	0	0	4.250356	0	8.50502	27.69317	0	0	0	0	0	0	0	0	0	5.788247	0	0	0	0	0	0	0	0	0	0	0	0	0	0	0	0
137.557	122.536	0	0	0	0	35.30757	53.71567	0	0	0	0	0	0	0	0	0	0	0	0	0	4.757331	0	9.540678	28.72002	0	0	0	0	0	0	0	0	0	5.515777	0	0	0	0	0	0	0	0	0	0	0	0	0	0	0	0
136.777	122.376	0	0	0	0	35.37067	54.123026	0	0	0	0	0	0	0	0	0	0	0	0	0	9.295126	0	4.854027	27.726004	0	0	0	0	0	0	0	0	0	5.408167	0	0	0	0	0	0	0	0	0	0	0	0	0	0	0	0
162.052	158.268	0	0	0	0	37.26463	58.937965	0	0	0	0	0	0	0	0	0	0	0	0	0	8.366051	0	7.838236	44.424851	0	0	0	0	0	0	0	0	0	5.220622	0	0	0	0	0	0	0	0	0	0	0	0	0	0	0	0
227.26	233.68	0	0	0	0	75.73608	45.931417	0	0	0	0	0	0	0	0	0	0	0	0	0	0	0	12.283645	90.915141	0	0	0	0	0	0	0	0	0	2.393346	0	0	0	0	0	0	0	0	0	0	0	0	0	0	0	0
129.547	116.18	0	0	0	0	7.768174	0	0	0	0	0	0	110.54666	0	0	0	0	11.231688	0	0	0	0	0	0	0	0	0	0	0	0	0	0	0	0	0	0	0	0	0	0	0	0	0	0	0	0	0	0	0	0
143.081	133.804	0	0	0	0	3.152914	0	0	0	0	0	0	133.804	0	0	0	0	0	6.123687	0	0	0	0	0	0	0	0	0	0	0	0	0	0	0	0	0	0	0	0	0	0	0	0	0	0	0	0	0	0	0
155.406	151.908	0	0	0	0	0	0	0	0	0	0	0	155.40556	0	0	0	0	0	0	0	0	0	0	0	0	0	0	0	0	0	0	0	0	0	0	0	0	0	0	0	0	0	0	0	0	0	0	0	0	0
65.3934	46.556	0	0	0	0	22.35669	0	0	0	0	0	0	29.55215	0	0	0	0	13.484604	0	0	0	0	0	0	0	0	0	0	0	0	0	0	0	0	0	0	0	0	0	0	0	0	0	0	0	0	0	0	0	0
83.4464	64.116	0	0	0	0	30.14335	0	0	0	0	0	0	29.2295	0	0	0	0	9.587385	0	0	0	0	0	14.48617	0	0	0	0	0	0	0	0	0	0	0	0	0	0	0	0	0	0	0	0	0	0	0	0	0	0
100.404	82.5	0	0	0	0	36.649467	0	0	0	0	0	0	28.57104	0	0	0	0	5.204485	0	0	0	0	0	29.979278	0	0	0	0	0	0	0	0	0	0	0	0	0	0	0	0	0	0	0	0	0	0	0	0	0	0
116.883	100.528	0	0	0	0	45.129597	0	0	0	0	0	0	27.22543	0	0	0	0	5.433126	0	0	0	0	0	39.094863	0	0	0	0	0	0	0	0	0	0	0	0	0	0	0	0	0	0	0	0	0	0	0	0	0	0
119.569	99.98	0	0	0	0	45.028819	0	0	0	0	0	0	29.30921	0	0	0	0	10.068407	0	0	0	0	0	35.162992	0	0	0	0	0	0	0	0	0	0	0	0	0	0	0	0	0	0	0	0	0	0	0	0	0	0
115.352	101.188	0	0	0	0	40.86537	0	0	0	0	0	0	27.56828	0	0	0	0	0	0	0	0	0	0	46.91849	0	0	0	0	0	0	0	0	0	0	0	0	0	0	0	0	0	0	0	0	0	0	0	0	0	0
100.306	82.324	0	0	0	0	38.298988	0	0	0	0	0	0	28.37536	0	0	0	0	9.975325	0	0	0	0	0	23.656464	0	0	0	0	0	0	0	0	0	0	0	0	0	0	0	0	0	0	0	0	0	0	0	0	0	0
136.741	118.176	0	0	0	0	53.495577	0	0	0	0	0	0	28.38054	0	0	0	0	10.053501	0	0	0	0	0	44.811871	0	0	0	0	0	0	0	0	0	0	0	0	0	0	0	0	0	0	0	0	0	0	0	0	0	0
154.44	135.728	0	0	0	0	60.83616	0	0	0	0	0	0	28.33923	0	0	0	0	10.019335	0	0	0	0	0	55.245718	0	0	0	0	0	0	0	0	0	0	0	0	0	0	0	0	0	0	0	0	0	0	0	0	0	0
133.68	118.524	0	0	0	0	53.34966	0	0	0	0	0	0	25.82396	0	0	0	0	5.512557	0	0	0	0	0	48.994287	0	0	0	0	0	0	0	0	0	0	0	0	0	0	0	0	0	0	0	0	0	0	0	0	0	0
135.086	118.328	0	0	0	0	52.906726	0	0	0	0	0	0	27.24679	0	0	0	0	5.257472	0	0	0	0	0	49.675109	0	0	0	0	0	0	0	0	0	0	0	0	0	0	0	0	0	0	0	0	0	0	0	0	0	0
174.006	153.82	0	0	0	0	67.873948	0	0	0	0	0	0	29.47818	0	0	0	0	9.950617	0	0	0	0	0	66.703059	0	0	0	0	0	0	0	0	0	0	0	0	0	0	0	0	0	0	0	0	0	0	0	0	0	0
202.195	210.44	0	0	0	0	11.44465	0	0	0	0	0	0	156.99833	0	0	0	0	33.75181	0	0	0	0	0	0	0	0	0	0	0	0	0	0	0	0	0	0	0	0	0	0	0	0	0	0	0	0	0	0	0	0
99.4844	81.044	0	0	0	0	22.14282	0	0	0	0	0	0	57.48824	0	0	0	0	19.853381	0	0	0	0	0	0	0	0	0	0	0	0	0	0	0	0	0	0	0	0	0	0	0	0	0	0	0	0	0	0	0	0
82.4883	62.952	0	0	0	0	13.6347	0	0	0	0	0	0	59.52816	0	0	0	0	0	9.325424	0	0	0	0	0	0	0	0	0	0	0	0	0	0	0	0	0	0	0	0	0	0	0	0	0	0	0	0	0	0	0
99.5672	81.304	0	0	0	0	21.12836	0	0	0	0	0	0	57.42566	0	0	0	0	0	5.291237	0	0	0	0	15.721949	0	0	0	0	0	0	0	0	0	0	0	0	0	0	0	0	0	0	0	0	0	0	0	0	0	0
115.247	99.648	0	0	0	0	29.803384	0	0	0	0	0	0	55.2971	0	0	0	0	15.615118	0	0	0	0	0	14.531665	0	0	0	0	0	0	0	0	0	0	0	0	0	0	0	0	0	0	0	0	0	0	0	0	0	0
133.616	116.828	0	0	0	0	36.362452	0	0	0	0	0	0	56.56515	0	0	0	0	19.668181	0	0	0	0	0	21.019714	0	0	0	0	0	0	0	0	0	0	0	0	0	0	0	0	0	0	0	0	0	0	0	0	0	0
115.731	99.228	0	0	0	0	28.46732	0	0	0	0	0	0	57.06789	0	0	0	0	19.841564	0	0	0	0	0	10.354432	0	0	0	0	0	0	0	0	0	0	0	0	0	0	0	0	0	0	0	0	0	0	0	0	0	0
133.333	117.448	0	0	0	0	38.497363	0	0	0	0	0	0	55.29227	0	0	0	0	0	5.201717	0	0	0	0	34.341501	0	0	0	0	0	0	0	0	0	0	0	0	0	0	0	0	0	0	0	0	0	0	0	0	0	0
150.468	135.292	0	0	0	0	43.349699	0	0	0	0	0	0	55.62454	0	0	0	0	15.39689	0	0	0	0	0	36.096945	0	0	0	0	0	0	0	0	0	0	0	0	0	0	0	0	0	0	0	0	0	0	0	0	0	0
114.755	98.768	0	0	0	0	15.066463	0	0	0	0	0	0	84.01724	0	0	0	0	10.563647	5.10746	0	0	0	0	0	0	0	0	0	0	0	0	0	0	0	0	0	0	0	0	0	0	0	0	0	0	0	0	0	0	0
129.521	115.872	0	0	0	0	8.520927	0	0	0	0	0	0	110.10863	0	0	0	0	0	10.891618	0	0	0	0	0	0	0	0	0	0	0	0	0	0	0	0	0	0	0	0	0	0	0	0	0	0	0	0	0	0	0
312.842	345.564	0	0	0	0	0	55.42648	0	0	0	0	0	257.41554	0	0	0	0	0	0	0	0	0	0	0	0	0	0	0	0	0	0	0	0	0	0	0	0	0	0	0	0	0	0	0	0	0	0	0	0	0
181.53	177.94	0	0	0	0	8.953051	103.849886	0	0	0	0	0	28.7377	0	0	0	0	9.175351	0	0	0	0	30.813866	0	0	0	0	0	0	0	0	0	0	0	0	0	0	0	0	0	0	0	0	0	0	0	0	0	0	0
139.709	127.876	0	0	0	0	15.67215	64.941492	0	0	0	0	0	27.19636	0	0	0	0	0	0	0	0	0	17.208727	14.690198	0	0	0	0	0	0	0	0	0	0	0	0	0	0	0	0	0	0	0	0	0	0	0	0	0	0
141.267	128.964	0	0	0	0	9.975348	69.83176	0	0	0	0	0	29.59311	0	0	0	0	9.747954	0	0	0	0	22.118981	0	0	0	0	0	0	0	0	0	0	0	0	0	0	0	0	0	0	0	0	0	0	0	0	0	0	0
123.891	110.132	0	0	0	0	0	72.288018	0	0	0	0	0	29.39325	0	0	0	0	0	0	0	0	0	22.209419	0	0	0	0	0	0	0	0	0	0	0	0	0	0	0	0	0	0	0	0	0	0	0	0	0	0	0
194.638	193.12	0	0	0	0	0	122.112815	0	0	0	0	0	27.47068	3.80767	0	0	0	0	0	0	0	0	41.246967	0	0	0	0	0	0	0	0	0	0	0	0	0	0	0	0	0	0	0	0	0	0	0	0	0	0	0
140.198	126.6	0	0	0	0	0	63.110097	0	0	0	0	0	58.2316	0	0	0	0	0	0	0	0	0	18.85629	0	0	0	0	0	0	0	0	0	0	0	0	0	0	0	0	0	0	0	0	0	0	0	0	0	0	0
138.669	126.624	0	0	0	0	0	64.933205	0	0	0	0	0	56.0621	0	0	0	0	0	0	0	0	0	17.673771	0	0	0	0	0	0	0	0	0	0	0	0	0	0	0	0	0	0	0	0	0	0	0	0	0	0	0
140.096	126.532	0	0	0	0	0	63.17979	0	0	0	0	0	57.73775	0	0	0	0	0	0	0	0	0	19.178573	0	0	0	0	0	0	0	0	0	0	0	0	0	0	0	0	0	0	0	0	0	0	0	0	0	0	0
211.266	210.032	0	0	0	0	0	113.182415	0	0	0	0	0	56.71719	3.723203	0	0	0	0	0	0	0	0	37.643645	0	0	0	0	0	0	0	0	0	0	0	0	0	0	0	0	0	0	0	0	0	0	0	0	0	0	0
155.065	143.304	0	0	0	0	0	55.767928	0	0	0	0	0	84.72935	0	0	0	0	0	0	0	0	0	14.567298	0	0	0	0	0	0	0	0	0	0	0	0	0	0	0	0	0	0	0	0	0	0	0	0	0	0	0
153.411	143.092	0	0	0	0	0	57.480107	0	0	0	0	0	82.32377	0	0	0	0	0	0	0	0	0	13.60687	0	0	0	0	0	0	0	0	0	0	0	0	0	0	0	0	0	0	0	0	0	0	0	0	0	0	0
156.431	143.092	0	0	0	0	0	53.715943	0	0	0	0	0	87.39198	0	0	0	0	0	0	0	0	0	15.323301	0	0	0	0	0	0	0	0	0	0	0	0	0	0	0	0	0	0	0	0	0	0	0	0	0	0	0
223.811	227.248	0	0	0	0	0	104.173163	0	0	0	0	0	83.73734	2.417972	0	0	0	0	0	0	0	0	33.482623	0	0	0	0	0	0	0	0	0	0	0	0	0	0	0	0	0	0	0	0	0	0	0	0	0	0	0
169.696	159.664	0	0	0	0	0	47.938108	0	0	0	0	0	111.60256	0	0	0	0	0	0	0	0	0	10.155071	0	0	0	0	0	0	0	0	0	0	0	0	0	0	0	0	0	0	0	0	0	0	0	0	0	0	0
167.871	159.592	0	0	0	0	0	50.529875	0	0	0	0	0	108.12214	0	0	0	0	0	0	0	0	0	9.218585	0	0	0	0	0	0	0	0	0	0	0	0	0	0	0	0	0	0	0	0	0	0	0	0	0	0	0
169.636	159.8	0	0	0	0	0	48.269439	0	0	0	0	0	111.20361	0	0	0	0	0	0	0	0	0	10.163333	0	0	0	0	0	0	0	0	0	0	0	0	0	0	0	0	0	0	0	0	0	0	0	0	0	0	0
230.516	247.528	0	0	0	0	0	95.995553	0	0	0	0	0	108.19344	0	0	0	0	0	0	0	0	0	26.326677	0	0	0	0	0	0	0	0	0	0	0	0	0	0	0	0	0	0	0	0	0	0	0	0	0	0	0
238.881	242.776	0	0	0	0	0	100.04463	0	0	0	0	0	106.46198	3.647893	0	0	0	0	0	0	0	0	28.726722	0	0	0	0	0	0	0	0	0	0	0	0	0	0	0	0	0	0	0	0	0	0	0	0	0	0	0
257.088	259.352	0	0	0	0	0	88.723731	0	0	0	0	0	138.43196	3.74026	0	0	0	0	0	0	0	0	26.192233	0	0	0	0	0	0	0	0	0	0	0	0	0	0	0	0	0	0	0	0	0	0	0	0	0	0	0
246.668	263.876	0	0	0	0	0	86.555295	0	0	0	0	0	137.06426	0	0	0	0	0	0	0	0	0	23.048179	0	0	0	0	0	0	0	0	0	0	0	0	0	0	0	0	0	0	0	0	0	0	0	0	0	0	0
195.195	192.152	0	0	0	0	0	38.267421	0	0	0	0	0	156.92773	0	0	0	0	0	0	0	0	0	0	0	0	0	0	0	0	0	0	0	0	0	0	0	0	0	0	0	0	0	0	0	0	0	0	0	0	0
269.522	275.78	0	0	0	0	0	83.092618	0	0	0	0	0	161.74489	3.631982	0	0	0	0	0	0	0	0	21.052813	0	0	0	0	0	0	0	0	0	0	0	0	0	0	0	0	0	0	0	0	0	0	0	0	0	0	0
267.341	276.872	0	0	0	0	0	81.041176	0	0	0	0	0	162.66666	2.531494	0	0	0	0	0	0	0	0	21.101498	0	0	0	0	0	0	0	0	0	0	0	0	0	0	0	0	0	0	0	0	0	0	0	0	0	0	0
279.885	293.764	0	0	0	0	0	76.203956	0	0	0	0	0	186.02996	2.367156	0	0	0	0	0	0	0	0	15.283522	0	0	0	0	0	0	0	0	0	0	0	0	0	0	0	0	0	0	0	0	0	0	0	0	0	0	0
284.238	292.12	0	0	0	0	0	75.739446	0	0	0	0	0	188.00584	3.723104	0	0	0	0	0	0	0	0	16.769771	0	0	0	0	0	0	0	0	0	0	0	0	0	0	0	0	0	0	0	0	0	0	0	0	0	0	0
291.565	311.404	0	0	0	0	0	67.304869	0	0	0	0	0	212.30482	1.260869	0	0	0	0	0	0	0	0	10.694231	0	0	0	0	0	0	0	0	0	0	0	0	0	0	0	0	0	0	0	0	0	0	0	0	0	0	0
147.369	130.572	0	0	0	0	39.818302	0	0	0	0	0	0	0	0	0	0	0	10.070208	0	0	0	0	0	34.521272	0	0	0	0	0	0	0	0	0	0	0	0	0	0	0	0	49.68096	0	13.27832	0	0	0	0	0	0	0
150.174	130.192	0	0	0	0	40.920174	0	0	0	0	0	0	0	0	0	0	0	9.78411	0	0	0	0	0	35.093281	0	0	0	0	0	0	0	0	0	0	0	0	0	0	0	0	49.40466	0	14.97183	0	0	0	0	0	0	0
144.436	130.552	0	0	0	0	41.976405	0	0	0	0	0	0	0	0	0	0	0	4.97459	0	0	0	0	0	38.103466	0	0	0	0	0	0	0	0	0	0	0	0	0	0	0	0	47.39962	0	11.98187	0	0	0	0	0	0	0
161.847	141.588	0	0	0	0	13.821052	0	0	0	0	0	0	0	0	0	0	0	19.405356	0	0	0	0	0	0	0	0	0	0	0	0	0	0	0	0	0	0	0	0	0	0	99.23522	0	29.38583	0	0	0	0	0	0	0
174.794	159.228	0	0	0	0	22.521076	0	0	0	0	0	0	0	0	0	0	0	14.976203	0	0	0	0	0	13.656032	0	0	0	0	0	0	0	0	0	0	0	0	0	0	0	0	97.35594	0	26.28472	0	0	0	0	0	0	0
86.5068	66.136	0	9.705315	0	0	18.02575	0	0	0	0	0	0	0	0	0	0	0	0	0	0	0	0	0	13.639058	16.999419	0	0	0	4.144336	0	0	0	0	0	0	0	0	0	0	0	23.99296	0	0	0	0	0	0	0	0	0
103.355	83.704	0	10.09971	0	0	25.77149	0	0	0	0	0	0	0	0	0	0	0	0	0	0	0	0	0	24.563996	17.051704	0	0	0	4.161741	0	0	0	0	0	0	0	0	0	0	0	21.70638	0	0	0	0	0	0	0	0	0
157.496	137.412	0	9.896825	0	0	48.237916	0	0	0	0	0	0	0	0	0	0	0	0	0	0	0	0	0	56.22985	16.769262	0	0	0	4.456125	0	0	0	0	0	0	0	0	0	0	0	21.90594	0	0	0	0	0	0	0	0	0
141.423	128.564	0	9.395562	0	0	0	69.896075	0	0	0	0	0	0	0	0	0	0	0	0	0	0	0	20.079119	0	15.922992	0	0	0	4.083088	0	0	0	0	0	0	0	0	0	0	0	22.04637	0	0	0	0	0	0	0	0	0
106.153	86.208	0	8.878543	0	0	39.62815	0	0	0	0	0	0	0	0	0	0	0	12.635722	0	0	0	0	0	13.846554	7.626866	0	0	0	1.357491	0	0	0	0	0	0	0	0	0	0	0	22.17957	0	0	0	0	0	0	0	0	0
142.097	129.224	0	8.011876	0	0	57.606213	0	0	0	0	0	0	0	0	0	0	0	20.399505	0	0	0	0	0	33.736529	0	0	0	0	0	0	0	0	0	0	0	0	0	0	0	0	22.34321	0	0	0	0	0	0	0	0	0
194.352	188.468	0	5.580749	0	0	54.0237	53.176204	0	0	0	0	0	0	0	0	0	0	26.038877	0	0	0	0	19.618188	13.852314	0	0	0	0	0	0	0	0	0	0	0	0	0	0	0	0	22.06185	0	0	0	0	0	0	0	0	0
77.0214	59.76	0	0	0	0	17.67506	0	0	0	0	0	0	0	0	0	0	0	14.019292	0	0	0	0	0	0	0	0	3.753375	0	0	0	0	0	0	0	0	0	0	0	0	0	0	0	0	0	0	0	0	41.57366	0	0
94.251	77.424	0	0	0	0	26.897279	0	0	0	0	0	0	0	0	0	0	0	9.776975	0	0	0	0	0	14.001189	0	0	3.870439	0	0	0	0	0	0	0	0	0	0	0	0	0	0	0	0	0	0	0	0	39.70515	0	0
112.209	95.24	0	0	0	0	34.396215	0	0	0	0	0	0	0	0	0	0	0	10.414992	0	0	0	0	0	24.156969	0	0	3.882973	0	0	0	0	0	0	0	0	0	0	0	0	0	0	0	0	0	0	0	0	39.35774	0	0
130.802	113.208	0	0	0	0	41.872182	0	0	0	0	0	0	0	0	0	0	0	10.303364	0	0	0	0	0	35.046699	0	0	3.864572	0	0	0	0	0	0	0	0	0	0	0	0	0	0	0	0	0	0	0	0	39.71531	0	0
93.6691	77.288	0	0	0	0	32.38283	0	0	0	0	0	0	0	0	0	0	0	28.644543	0	0	0	0	0	0	0	0	0	0	0	0	0	0	0	0	0	0	0	0	0	0	0	0	0	0	0	0	0	0	32.64177	0
163.979	147.816	0	0	0	0	66.599759	0	0	0	0	0	0	0	0	0	0	0	21.031138	0	0	0	0	0	48.224697	0	0	0	0	0	0	0	0	0	0	0	0	0	0	0	0	0	0	0	0	0	0	0	0	28.12301	0
127.957	112.1	0	0	0	0	50.630313	0	0	0	0	0	0	0	0	0	0	0	20.422467	0	0	0	0	0	28.331476	0	0	0	0	0	0	0	0	0	0	0	0	0	0	0	0	0	0	0	0	0	0	0	0	28.57269	0
153.9	147.452	0	0	0	0	63.745044	0	0	0	0	0	0	0	0	0	0	0	8.400095	0	0	0	0	0	56.49849	0	0	0	0	0	0	0	0	0	0	0	0	0	0	0	0	0	0	0	0	0	0	0	0	25.25612	0
150.075	141.044	0	0	0	0	15.76155	68.785984	0	0	0	0	0	0	0	0	0	0	14.257567	0	0	0	0	21.438658	0	0	0	0	0	0	0	0	0	0	0	0	0	0	0	0	0	0	0	0	0	0	0	0	0	29.83127	0
149.818	140.176	0	0	0	0	53.02438	0	0	0	0	0	0	0	0	0	0	0	38.780479	0	0	0	0	0	0	0	0	0	0	0	0	0	0	0	0	0	0	0	0	0	0	23.29207	0	34.72095	0	0	0	0	0	0	0
372.934	408.1	0	0	0	0	109.935742	0	0	0	0	0	0	0	0	0	0	0	38.951484	4.580517	0	0	0	0	58.186551	0	0	0	0	0	0	0	0	0	0	0	0	0	0	0	0	0	0	37.29082	0	75.99813	0	0	0	47.9911	0
162.317	156.832	0	0	18.91043	0	54.092155	0	0	0	0	0	0	0	0	0	0	0	38.0941	0	0	0	0	0	9.698096	0	0	0	0	0	11.67115	0	0	0	0	0	0	0	0	0	0	0	0	29.851032	0	0	0	0	0	0	0
160.508	155.236	0	0	0	0	55.137706	0	0	0	0	0	0	27.55286	0	0	0	0	48.096111	0	0	0	0	0	0	0	0	0	0	0	0	0	0	0	0	0	0	0	0	0	0	0	0	29.72096	0	0	0	0	0	0	0
156.02	146.628	0	18.209157	0	0	0	62.84438	0	0	0	0	0	0	0	0	0	0	0	0	0	0	0	17.755229	0	8.730606	0	0	0	1.380382	0	0	0	0	0	0	0	0	0	0	0	47.09991	0	0	0	0	0	0	0	0	0
236.066	256.008	0	4.574051	0	27.27902	22.265026	0	0	0	0	0	0	75.53109	0	0	0	0	0	0	0	0	0	8.620864	32.624714	0	0	0	0	0	0	0	0	0	0	0	0	0	0	0	0	40.10663	0	0	0	0	0	0	0	25.06462	0
124.167	110.82	0.171372	0	0	0	21.38958	71.559597	0	0	0	0	0	0	0	0	0	0	9.370424	0	0	0	0	21.676112	0	0	0	0	0	0	0	0	0	0	0	0	0	0	0	0	0	0	0	0	0	0	0	0	0	0	0
92.0387	72.332	0	0	25.62184	21.734	0	0	0	0	13.22927	0	14.42526	0	0	0	0	0	0	0	0	0	0	17.028285	0	0	0	0	0	0	0	0	0	0	0	0	0	0	0	0	0	0	0	0	0	0	0	0	0	0	0
198.242	233.04	0	0	0	0	0	0	0	0	0	0	0	0	0	0	0	198.24231	0	0	0	0	0	0	0	0	0	0	0	0	0	0	0	0	0	0	0	0	0	0	0	0	0	0	0	0	0	0	0	0	0
98.0385	78.54	0	0	0	33.6547	11.40328	0	0	0	0	0	0	29.77403	0	0	0	0	9.693912	0	0	0	0	13.512633	0	0	0	0	0	0	0	0	0	0	0	0	0	0	0	0	0	0	0	0	0	0	0	0	0	0	0
111.72	93.18	0	0	0	21.175952	0	0	0	0	0	0	0	85.80364	0	0	0	0	0	0	0	4.74024	0	0	0	0	0	0	0	0	0	0	0	0	0	0	0	0	0	0	0	0	0	0	0	0	0	0	0	0	0
139.648	123.436	0	10.34295	0	0	18.09026	0	13.63574	25.84502	0	0	0	0	0	0	0	0	13.521685	0	0	4.570831	0	4.43466	0	17.246474	0	0	0	0	0	0	0	0	0	5.432227	0	0	0	4.229471	0	22.2988	0	0	0	0	0	0	0	0	0
98.9295	80.04	0	0	0	0	5.892714	0	0	0	0	0	0	87.71485	0	0	0	0	0	0	5.321919	0	0	0	0	0	0	0	0	0	0	0	0	0	0	0	0	0	0	0	0	0	0	0	0	0	0	0	0	0	0
114.63	98.788	0	0	0	0	13.92896	0	0	0	0	0	0	84.52333	0	0	0	0	0	0	0	0	0	0	16.178069	0	0	0	0	0	0	0	0	0	0	0	0	0	0	0	0	0	0	0	0	0	0	0	0	0	0
114.134	97.348	0	0	0	0	0	0	0	0	0	0	0	114.13443	0	0	0	0	0	0	0	0	0	0	0	0	0	0	0	0	0	0	0	0	0	0	0	0	0	0	0	0	0	0	0	0	0	0	0	0	0
47.2354	30.376	0	0	0	0	30.23777	0	0	0	0	0	0	0	0	0	0	0	0	0	0	0	0	0	16.997641	0	0	0	0	0	0	0	0	0	0	0	0	0	0	0	0	0	0	0	0	0	0	0	0	0	0
178.579	160.708	0	13.41316	0	9.372519	50.352618	0	0	0	11.01431	0	0	0	0	0	0	0	0	0	0	4.748816	0	9.839111	55.783306	0	0	0	0	0	0	0	0	0	0	0	0	0	0	0	0	24.05554	0	0	0	0	0	0	0	0	0
108.227	88.288	0	13.54434	0	12.58832	18.50483	0	0	0	11.80085	0	0	0	0	0	0	0	0	0	0	4.766194	0	9.062546	13.776158	0	0	0	0	0	0	0	0	0	0	0	0	0	0	0	0	24.18416	0	0	0	0	0	0	0	0	0
144.293	124.176	0	13.5132	0	10.36267	34.766038	0	0	0	12.27977	0	0	0	0	0	0	0	0	0	0	4.542723	0	9.782654	35.109832	0	0	0	0	0	0	0	0	0	0	0	0	0	0	0	0	23.93617	0	0	0	0	0	0	0	0	0
178.572	160.708	0	13.38068	0	9.372431	50.354429	0	0	0	11.01527	0	0	0	0	0	0	0	0	0	0	4.771591	0	9.835048	55.780415	0	0	0	0	0	0	0	0	0	0	0	0	0	0	0	0	24.0619	0	0	0	0	0	0	0	0	0
140.966	119.968	0	13.03864	0	12.70115	18.64878	0	0	0	22.55813	12.2616	0	0	0	0	0	0	0	0	0	4.676243	0	19.046108	13.759418	0	0	0	0	0	0	0	0	0	0	0	0	0	0	0	0	24.27562	0	0	0	0	0	0	0	0	0
106.498	88.588	0	14.7612	0	0	37.88949	0	0	0	0	0	0	0	0	0	0	0	26.945415	0	0	0	4.429278	0	0	0	0	0	0	0	0	0	0	0	0	0	0	0	0	0	0	22.47292	0	0	0	0	0	0	0	0	0
143.943	131.844	0	12.97694	0	0	0	61.082785	0	0	0	0	0	0	0	0	0	0	0	0	0	4.678559	0	17.705444	0	0	4.29445	0	0	0	0	0	0	0	0	0	0	0	0	0	0	22.42819	20.77682	0	0	0	0	0	0	0	0
143.985	131.776	0	13.15668	0	0	0	60.663645	0	0	0	0	0	0	0	0	0	0	0	0	0	4.825443	0	17.706928	0	0	4.248572	0	0	0	0	0	0	0	0	0	0	0	0	0	0	22.3772	21.00608	0	0	0	0	0	0	0	0
127.201	113.416	0	13.27032	0	0	0	64.322529	0	0	0	0	0	0	0	0	0	0	0	0	0	13.126621	0	8.652115	0	0	0	0	0	0	0	0	0	0	5.30255	0	0	0	0	0	0	22.52659	0	0	0	0	0	0	0	0	0
126.931	113.108	0	13.19364	0	0	0	64.112652	0	0	0	0	0	0	0	0	0	0	0	0	0	13.170629	0	8.674698	0	0	0	0	0	0	0	0	0	0	5.316048	0	0	0	0	0	0	22.4631	0	0	0	0	0	0	0	0	0
96.1345	77.144	0	0	0	27.920411	0	0	0	0	0	0	0	58.83276	0	0	0	0	0	0	0	0	0	9.381308	0	0	0	0	0	0	0	0	0	0	0	0	0	0	0	0	0	0	0	0	0	0	0	0	0	0	0
96.5226	76.472	0	0	0	27.80317	0	0	0	0	0	0	0	59.34073	0	0	0	0	0	0	0	9.378651	0	0	0	0	0	0	0	0	0	0	0	0	0	0	0	0	0	0	0	0	0	0	0	0	0	0	0	0	0
94.8125	76.428	0	0	0	30.01761	0	0	0	0	0	0	0	56.42305	0	0	0	0	0	0	0	8.371862	0	0	0	0	0	0	0	0	0	0	0	0	0	0	0	0	0	0	0	0	0	0	0	0	0	0	0	0	0
147.386	128.468	0	0	0	0	39.755086	0	0	0	0	0	0	57.14467	0	0	0	0	40.036718	0	0	0	0	0	0	0	0	0	0	0	0	0	0	0	0	0	0	0	0	0	0	0	0	10.44992	0	0	0	0	0	0	0
158.231	145.568	0	0	0	0	35.334471	0	0	0	0	0	0	56.24092	0	0	0	0	41.007211	0	0	0	0	0	0	0	0	0	0	0	0	0	0	0	0	0	0	0	0	0	0	0	0	0	0	0	0	0	0	25.64809	0
167.477	182.508	0	0	0	0	0	0	0	0	0	0	0	67.41494	0	0	0	100.06177	0	0	0	0	0	0	0	0	0	0	0	0	0	0	0	0	0	0	0	0	0	0	0	0	0	0	0	0	0	0	0	0	0
128.902	115.7	0	0	0	0	0.599371	0	0	0	0	0	0	81.48667	0	0	0	0	0	0	0	0	0	0	0	0	0	0	0	0	0	0	0	0	0	0	0	0	0	0	0	46.816	0	0	0	0	0	0	0	0	0
126.947	110.132	0	0	0	14.784832	0	0	0	0	0	0	0	112.16188	0	0	0	0	0	0	0	0	0	0	0	0	0	0	0	0	0	0	0	0	0	0	0	0	0	0	0	0	0	0	0	0	0	0	0	0	0
163.731	173.208	0	0	0	0	0	0	0	0	0	0	0	92.17337	0	0	0	71.55764	0	0	0	0	0	0	0	0	0	0	0	0	0	0	0	0	0	0	0	0	0	0	0	0	0	0	0	0	0	0	0	0	0
204.81	205.532	0	0	0	0	0	38.937324	0	0	0	0	0	124.65578	0	0	0	0	0	0	0	0	0	0	0	0	0	0	0	0	0	0	0	0	0	0	0	0	0	0	0	41.21721	0	0	0	0	0	0	0	0	0
241.38	272.448	0	0	0	23.999861	5.981086	0	0	0	0	0	0	185.85601	0	0	0	0	4.704604	0	0	0	0	10.069985	10.768906	0	0	0	0	0	0	0	0	0	0	0	0	0	0	0	0	0	0	0	0	0	0	0	0	0	0
256.796	294.004	0	0	0	0	15.895133	0	0	0	0	0	0	210.22232	0	0	0	0	9.448589	0	0	0	0	0	21.230218	0	0	0	0	0	0	0	0	0	0	0	0	0	0	0	0	0	0	0	0	0	0	0	0	0	0
79.6096	60.48	0	0	0	37.23562	0	0	0	0	0	0	0	29.63448	0	0	0	0	0	0	0	3.756492	0	8.98301	0	0	0	0	0	0	0	0	0	0	0	0	0	0	0	0	0	0	0	0	0	0	0	0	0	0	0
95.1705	81.424	0	0	0	0	6.93896	0	0	0	0	0	0	27.15651	0	0	0	52.95621	0	8.118856	0	0	0	0	0	0	0	0	0	0	0	0	0	0	0	0	0	0	0	0	0	0	0	0	0	0	0	0	0	0	0
134.861	137.364	0	0	0	0	0	0	0	0	0	0	0	21.64181	0	0	0	113.21935	0	0	0	0	0	0	0	0	0	0	0	0	0	0	0	0	0	0	0	0	0	0	0	0	0	0	0	0	0	0	0	0	0
146.062	151.576	0	0	0	0	5.445553	0	0	0	0	0	0	24.72707	0	0	0	106.58501	9.304516	0	0	0	0	0	0	0	0	0	0	0	0	0	0	0	0	0	0	0	0	0	0	0	0	0	0	0	0	0	0	0	0
175.472	200.78	0	0	0	0	0	0	0	0	0	0	0	19.44063	0	0	0	156.03184	0	0	0	0	0	0	0	0	0	0	0	0	0	0	0	0	0	0	0	0	0	0	0	0	0	0	0	0	0	0	0	0	0
155.019	144.42	0	0	0	0	0	57.226144	0	0	0	0	17.35977	55.43379	0	0	0	0	0	0	0	0	0	12.838379	0	0	0	0	0	0	12.16136	0	0	0	0	0	0	0	0	0	0	0	0	0	0	0	0	0	0	0	0
120.557	105.364	0	0	0	0	0	64.331697	0	0	0	0	21.48086	0	0	0	0	0	0	0	0	8.886166	0	8.814861	0	0	0	0	0	0	11.49955	0	0	0	5.544134	0	0	0	0	0	0	0	0	0	0	0	0	0	0	0	0
120.472	105.168	0	0	0	0	0	64.598444	0	0	0	0	21.32139	0	0	0	0	0	0	0	0	8.465415	0	9.300249	0	0	0	0	0	0	11.52183	0	0	0	5.264501	0	0	0	0	0	0	0	0	0	0	0	0	0	0	0	0
164.326	148.984	0	8.861625	0	0	18.14575	0	7.952667	43.689826	0	0	0	0	0	0	0	0	14.676079	0	0	0	4.384136	0	0	24.412406	0	0	0	0	0	0	0	1.370976	0	12.104869	0	0	0	4.436822	0	24.29046	0	0	0	0	0	0	0	0	0
190.423	179.592	0	10.4907	0	0	34.86426	73.201491	0	0	0	0	0	0	0	0	0	0	27.338103	0	0	0	0	19.505248	0	5.333702	0	0	0	1.544342	0	0	0	0	0	0	0	0	0	0	0	18.1451	0	0	0	0	0	0	0	0	0
209.673	199.192	0	9.039017	0	0	25.712776	56.89821	0	0	0	0	0	55.3444	0	0	0	0	0	0	0	0	0	12.114645	24.182525	6.860371	0	0	0	1.293391	0	0	0	0	0	0	0	0	0	0	0	18.22765	0	0	0	0	0	0	0	0	0
209.977	205.468	0	5.750565	0	0	36.24775	53.31639	0	0	0	0	0	0	0	0	0	0	26.365601	0	0	0	0	18.540042	0	0	0	0	0	0	0	0	0	0	0	0	0	0	0	0	0	69.75654	0	0	0	0	0	0	0	0	0
204.774	199.828	0	5.749325	0	0	52.93835	52.287846	0	0	0	0	0	0	0	0	0	0	39.629379	0	0	0	0	19.061627	0	0	0	0	0	0	0	0	0	0	0	0	0	0	0	0	0	21.8354	0	13.27252	0	0	0	0	0	0	0
265.009	290.308	0	2.190541	0	0	74.690928	43.746862	0	0	0	0	0	28.11922	0	0	0	0	22.636106	11.386863	0	0	0	13.819512	41.964275	0	0	0	0	0	0	0	0	0	0	0	0	0	0	0	0	20.47156	0	5.982981	0	0	0	0	0	0	0
245.995	241.82	0	5.859076	0	0	96.631575	0	0	0	0	0	0	0	0	0	0	0	28.216737	0	0	0	0	0	72.825928	0	0	0	0	0	0	0	0	0	0	0	0	0	0	0	0	18.77646	0	0	0	0	0	0	0	23.68571	0
246.133	241.96	0	5.868073	0	0	96.815272	0	0	0	0	0	0	0	0	0	0	0	28.678191	0	0	0	0	0	72.048259	0	0	0	0	0	0	0	0	0	0	0	0	0	0	0	0	18.77619	0	0	0	0	0	0	0	23.9472	0
194.924	191.528	0	17.615822	0	0	52.2122	0	9.100459	26.093861	0	0	0	0	0	0	0	0	40.855027	0	0	0	4.364741	0	0	0	0	0	0	0	0	0	0	0	0	6.253433	0	0	0	0	0	38.42876	0	0	0	0	0	0	0	0	0
267.325	279.02	0	8.675566	0	0	16.530557	115.231571	0	0	0	0	0	0	0	0	0	0	0	0	0	0	0	41.2648	19.616543	0	4.586284	0	0	0	0	0	0	0	0	0	0	0	0	0	0	42.5301	18.88927	0	0	0	0	0	0	0	0
267.271	284.632	0	5.560296	0	0	16.776453	93.831926	0	0	0	0	0	0	4.571984	0	0	44.82991	0	0	0	0	0	37.046774	19.424462	0	4.687041	0	0	0	0	0	0	0	0	0	0	0	0	0	0	21.71701	18.82491	0	0	0	0	0	0	0	0
195.459	195.536	0	1.016831	0	0	17.96916	46.303454	0	0	0	0	0	53.36307	0	0	0	0	12.858846	0	0	0	0	9.302146	0	0	4.577315	0	0	0	0	0	0	0	0	0	0	0	0	0	0	22.06023	19.1018	8.905857	0	0	0	0	0	0	0
244.515	247.492	0	5.686616	0	0	33.029159	86.656215	0	0	0	0	0	0	0	0	0	0	13.954555	0	0	0	0	27.496672	19.432614	0	4.60384	0	0	0	0	0	0	0	0	0	0	0	0	0	0	21.39258	18.82038	13.44209	0	0	0	0	0	0	0
358.343	379.332	0	12.248653	0	0	39.390461	96.943535	0	0	0	0	0	0	0	0	0	0	37.372178	0	0	0	0	23.396566	0	15.666439	5.487029	0	0	2.056765	0	0	0	0	6.149593	0	0	0	0	0	0	67.85657	18.59077	26.90174	0	0	0	6.282842	0	0	0
273.715	293.216	0	5.94424	0	0	0	75.041044	0	0	0	0	0	0	4.261647	0	0	94.75566	0	0	0	0	0	27.642358	0	0	8.669167	0	0	0	0	0	0	0	0	0	0	0	0	0	0	21.15786	36.24337	0	0	0	0	0	0	0	0
86.7597	68.744	0	14.47969	0	0	17.48099	0	0	0	0	0	0	0	0	0	0	0	13.957316	0	0	0	4.594229	0	0	0	0	0	0	0	0	0	0	0	0	0	0	0	0	0	0	22.22689	0	14.02057	0	0	0	0	0	0	0
104.851	86.008	0	14.47413	0	0	26.488635	0	0	0	0	0	0	0	0	0	0	0	10.047983	0	0	0	4.53624	0	14.22547	0	0	0	0	0	0	0	0	0	0	0	0	0	0	0	0	22.14542	0	12.93306	0	0	0	0	0	0	0
153.847	140.192	0	14.25602	0	0	46.820121	0	0	0	0	0	0	0	0	0	0	0	8.924326	0	0	0	4.63547	0	43.929925	0	0	0	0	0	0	0	0	0	0	0	0	0	0	0	0	22.39068	0	12.89086	0	0	0	0	0	0	0
118.81	103.536	0	12.62614	0	0	34.12942	0	0	0	0	0	0	0	0	0	0	0	4.958239	0	0	0	4.557928	0	28.49373	0	0	0	0	0	0	0	0	0	0	0	0	0	0	0	0	21.36177	0	12.68239	0	0	0	0	0	0	0
143.321	133.04	0	14.04591	0	0	0	66.999542	0	0	0	0	0	0	0	0	0	0	0	0	0	0	4.714045	22.320171	0	0	0	0	0	0	0	0	0	0	0	0	0	0	0	0	0	22.16809	0	13.07326	0	0	0	0	0	0	0
122.125	104.184	0	6.898908	20.67119	0	26.117448	0	0	0	0	0	0	0	0	0	0	0	13.892519	0	0	0	0	0	9.900485	0	0	0	0	0	11.60429	0	0	0	0	0	0	0	0	0	0	20.21491	0	12.8248	0	0	0	0	0	0	0
190.076	188.976	0	8.58917	0	0	17.65452	57.951008	0	0	0	0	0	0	0	0	0	0	0	0	0	0	0	17.262845	14.006047	0	4.560024	0	0	0	0	0	0	0	0	0	0	0	0	0	0	42.02972	19.00685	9.0153	0	0	0	0	0	0	0
165.728	172.02	0	2.287901	0	0	17.47195	0	0	0	0	0	0	0	0	0	0	105.53997	13.9693	0	0	0	0	0	0	0	0	0	0	0	0	0	0	0	0	0	0	0	0	0	0	18.28733	0	8.17191	0	0	0	0	0	0	0
119.814	102.304	0	6.657505	0	0	27.69611	0	0	0	0	0	0	28.28575	0	0	0	0	24.228494	0	0	0	0	0	0	0	0	0	0	0	0	0	0	0	0	0	0	0	0	0	0	20.36449	0	12.58174	0	0	0	0	0	0	0
169.652	165.816	0	3.655631	0	4.505037	54.857617	0	0	0	10.99531	0	0	0	0	0	0	0	0	0	0	0	0	4.892023	66.548731	0	0	0	0	0	0	0	0	0	0	0	0	0	0	0	0	24.19744	0	0	0	0	0	0	0	0	0
176.111	166.836	0	6.333151	0	0	31.92755	58.267726	0	0	0	0	0	0	0	0	0	0	13.578374	0	0	0	0	16.674709	14.276758	0	0	0	0	0	0	0	0	0	0	0	0	0	0	0	0	21.67461	0	13.37823	0	0	0	0	0	0	0
142.963	131.024	0	6.021064	0	0	15.40439	63.550666	0	0	0	0	0	0	0	0	0	0	0	0	0	8.069362	0	8.397021	14.0803	0	0	0	0	0	0	0	0	0	5.523937	0	0	0	0	0	0	21.91581	0	0	0	0	0	0	0	0	0
142.904	131.096	0	6.17662	0	0	15.68405	63.217927	0	0	0	0	0	0	0	0	0	0	0	0	0	8.587434	0	8.012299	14.219996	0	0	0	0	0	0	0	0	0	5.390011	0	0	0	0	0	0	21.61523	0	0	0	0	0	0	0	0	0
80.5839	66.768	0	0	0	0	12.3496	0	0	0	0	0	0	0	0	0	0	56.71617	11.518134	0	0	0	0	0	0	0	0	0	0	0	0	0	0	0	0	0	0	0	0	0	0	0	0	0	0	0	0	0	0	0	0
117.533	111.904	0	0	0	0	14.242025	0	0	0	0	0	0	0	0	0	0	86.94274	0	3.710736	0	0	0	0	12.637302	0	0	0	0	0	0	0	0	0	0	0	0	0	0	0	0	0	0	0	0	0	0	0	0	0	0
118.099	112.296	0	0	0	0	1.398292	0	0	0	0	0	0	24.14849	0	0	0	89.11547	0	0	3.437247	0	0	0	0	0	0	0	0	0	0	0	0	0	0	0	0	0	0	0	0	0	0	0	0	0	0	0	0	0	0
125.311	124.504	0	0	0	0	0	0	0	0	0	0	0	0	0	0	0	122.25534	0	0	3.055403	0	0	0	0	0	0	0	0	0	0	0	0	0	0	0	0	0	0	0	0	0	0	0	0	0	0	0	0	0	0
184.217	197.248	0	0	0	0	0	62.852845	0	0	0	0	0	0	0	0	0	103.02806	0	0	0	0	0	18.336515	0	0	0	0	0	0	0	0	0	0	0	0	0	0	0	0	0	0	0	0	0	0	0	0	0	0	0
259.076	304.136	0	0	0	0	0	39.819354	0	0	0	0	0	0	0	0	0	208.25623	0	0	0	0	0	11.000675	0	0	0	0	0	0	0	0	0	0	0	0	0	0	0	0	0	0	0	0	0	0	0	0	0	0	0
229.628	275.088	0	0	0	0	0	50.91976	0	0	0	0	0	0	0	0	0	165.40951	0	0	0	0	0	13.298669	0	0	0	0	0	0	0	0	0	0	0	0	0	0	0	0	0	0	0	0	0	0	0	0	0	0	0
221.866	283.744	0	0	0	0	0	0	0	0	0	0	0	0	0	0	0	221.86645	0	0	0	0	0	0	0	0	0	0	0	0	0	0	0	0	0	0	0	0	0	0	0	0	0	0	0	0	0	0	0	0	0
135.967	128.512	0	0	0	0	0	64.899869	0	0	0	0	0	0	0	0	0	50.25282	0	0	0	0	0	20.814789	0	0	0	0	0	0	0	0	0	0	0	0	0	0	0	0	0	0	0	0	0	0	0	0	0	0	0
40.5455	24.488	0	0	0	0	0	0	0	0	0	0	0	0	0	0	0	0	0	0	0	0	0	0	0	0	8.515645	0	0	0	0	0	0	0	0	0	0	0	0	0	0	0	32.02982	0	0	0	0	0	0	0	0
59.2433	43.02	0	0	0	0	0	0	0	0	0	0	0	0	0	0	0	0	0	0	0	0	0	0	0	0	0	7.214697	0	0	0	0	0	0	0	0	0	0	0	0	0	0	0	0	0	0	0	0	52.02864	0	0
132.914	109.568	0	0	0	16.66914	36.258912	0	0	0	0	0	0	0	0	0	0	0	10.458558	0	0	0	0	0	24.489655	32.274984	0	0	0	0	0	3.87378	0	0	0	0	0	0	0	8.888673	0	0	0	0	0	0	0	0	0	0	0
236.775	244.42	0	12.214844	0	0	0	104.949705	0	0	0	0	0	0	0	0	0	0	0	0	0	0	0	17.848975	0	51.974039	0	0	0	0	0	0	0	0	0	0	0	0	0	19.517746	0	30.27001	0	0	0	0	0	0	0	0	0
133.43	119.644	0	0	0	0	0	67.929889	0	0	0	0	0	27.465	0	0	0	0	0	0	0	0	0	17.593593	0	15.920472	0	0	0	0	0	0	0	0	0	0	0	0	0	4.520824	0	0	0	0	0	0	0	0	0	0	0
135.02	119.952	0	0	0	0	0	65.719843	0	0	0	0	0	29.39302	0	0	0	0	0	0	0	0	0	18.407687	0	16.653703	0	0	0	0	0	0	0	0	0	0	0	0	0	4.845683	0	0	0	0	0	0	0	0	0	0	0
134.957	119.868	0	0	0	0	0	66.115768	0	0	0	0	0	29.00235	0	0	0	0	0	0	0	0	0	18.683221	0	16.430884	0	0	0	0	0	0	0	0	0	0	0	0	0	4.725154	0	0	0	0	0	0	0	0	0	0	0
208.539	202.432	0	8.404202	0	0	0	71.832307	6.322592	27.52199	0	0	0	26.68881	0	0	0	0	0	0	0	4.707943	0	21.026137	0	15.753195	0	0	0	0	0	0	0	0	0	3.329903	0	0	0	4.395655	0	18.5564	0	0	0	0	0	0	0	0	0
298.992	314.872	0	12.4565	0	0	0	182.597708	0	0	0	0	0	0	0	0	0	0	0	0	0	0	0	46.810624	0	16.17484	0	0	0	0	0	0	0	0	0	0	0	0	0	5.378164	0	35.57438	0	0	0	0	0	0	0	0	0
146.952	135.724	0	0	0	0	0	67.418941	0	0	0	0	0	0	0	0	0	0	0	0	0	0	0	16.938826	0	12.714143	0	0	0	0	0	0	0	0	0	0	0	0	0	4.656497	0	45.22357	0	0	0	0	0	0	0	0	0
151.034	137.988	0	0	0	0	0	65.008289	0	0	0	0	0	0	0	0	0	0	0	0	0	0	0	17.286015	0	16.659867	0	0	0	0	0	0	0	0	0	0	0	0	0	4.437974	0	47.642	0	0	0	0	0	0	0	0	0
150.98	137.968	0	0	0	0	0	64.710489	0	0	0	0	0	0	0	0	0	0	0	0	0	0	0	17.434572	0	16.740252	0	0	0	0	0	0	0	0	0	0	0	0	0	4.328573	0	47.76567	0	0	0	0	0	0	0	0	0
250.592	239.228	0	0	0	0	0	130.82465	0	0	0	0	0	0	0	0	0	0	0	0	0	0	0	37.976879	0	16.771608	0	0	0	0	0	0	0	0	0	0	0	6.20081	6.261006	4.62474	0	47.93237	0	0	0	0	0	0	0	0	0
302.065	352.816	0	0	0	0	41.140199	25.838923	0	0	0	0	0	0	0	0	0	101.81304	17.918282	0	0	0	0	0	26.486842	7.260737	0	0	0	0	0	0	0	0	0	0	0	0	0	3.999034	0	77.60803	0	0	0	0	0	0	0	0	0
126.334	105.736	0	0	0	0	47.384326	0	0	0	0	0	0	0	0	0	0	0	33.501362	0	0	0	0	0	10.617985	15.527384	0	0	0	0	0	0	5.893929	0	0	0	0	0	0	0	0	0	0	13.40895	0	0	0	0	0	0	0
108.641	87.428	0	0	0	0	39.646082	0	0	0	0	0	0	0	0	0	0	0	33.674817	0	0	0	0	0	0	16.077405	0	0	0	0	0	0	5.853031	0	0	0	0	0	0	0	0	0	0	13.38935	0	0	0	0	0	0	0
145.211	132.404	0	0	0	0	16.02391	66.063793	0	0	0	0	0	0	0	0	0	0	13.99829	0	0	0	0	16.590914	0	15.843475	0	0	0	0	0	0	0	0	0	0	0	0	0	4.525303	0	0	0	12.16508	0	0	0	0	0	0	0
146.795	133.04	0	0	0	0	16.29303	64.231861	0	0	0	0	0	0	0	0	0	0	13.819324	0	0	0	0	17.604097	0	16.723961	0	0	0	0	0	0	0	0	0	0	0	0	0	4.650679	0	0	0	13.47173	0	0	0	0	0	0	0
146.735	132.992	0	0	0	0	16.38578	64.21096	0	0	0	0	0	0	0	0	0	0	13.965412	0	0	0	0	17.258516	0	16.983292	0	0	0	0	0	0	0	0	0	0	0	0	0	4.405962	0	0	0	13.52538	0	0	0	0	0	0	0
150.93	135.28	0	0	0	0	19.17135	50.309046	0	18.97499	0	0	0	0	0	0	0	0	14.407093	0	0	0	8.615913	0	0	17.17444	0	0	0	0	0	0	0	0	11.721956	6.126748	0	0	0	4.428598	0	0	0	0	0	0	0	0	0	0	0
51.0891	30.524	0	0	0	0	0	0	0	0	0	0	0	0	0	0	0	0	0	0	0	0	0	0	0	35.487427	0	0	0	0	0	0	15.60171	0	0	0	0	0	0	0	0	0	0	0	0	0	0	0	0	0	0
36.0521	19.136	0	0	0	0	0	0	0	0	0	0	0	0	0	0	0	0	0	0	0	0	0	0	0	26.431615	0	0	0	0	0	0	9.620475	0	0	0	0	0	0	0	0	0	0	0	0	0	0	0	0	0	0
124.66	107.788	0	20.53386	0	0	0	0	16.88321	12.66753	0	0	0	0	0	0	0	0	0	0	0	4.207006	0	4.539382	0	15.62574	0	0	0	2.274438	0	0	0	0	0	0	0	0	0	0	0	47.92898	0	0	0	0	0	0	0	0	0
141.635	127.42	0	19.455804	0	0	18.04845	0	13.66553	13.23712	0	0	0	0	0	0	0	0	13.447799	0	0	4.702527	0	4.506654	0	7.79979	0	0	0	1.279643	0	0	0	0	0	0	0	0	0	0	0	45.49153	0	0	0	0	0	0	0	0	0
124.054	107.284	0	20.460961	0	0	0	0	16.86608	16.68586	0	0	0	0	0	0	0	0	0	0	0	4.238053	0	0	0	15.875891	0	0	0	2.379049	0	0	0	0	0	0	0	0	0	0	0	47.54814	0	0	0	0	0	0	0	0	0
197.725	198.624	0	12.918106	0	0	56.020941	0	8.127672	16.71064	0	0	0	0	0	0	0	0	4.353795	0	0	0	0	0	51.917534	7.431363	0	0	0	1.284821	0	0	0	0	0	0	0	0	0	0	0	38.9597	0	0	0	0	0	0	0	0	0
150.251	141.512	0	20.185276	0	0	0	0	1.605702	13.97517	0	0	0	0	0	0	0	47.80782	0	0	0	4.082846	0	0	0	15.879252	0	0	0	2.413127	0	0	0	0	0	0	0	0	0	0	0	44.30132	0	0	0	0	0	0	0	0	0
139.977	124.24	0	20.816808	0	0	0	0	5.881787	16.00116	0	0	0	28.08227	0	0	0	0	0	0	0	4.630567	0	0	0	15.837274	0	0	0	2.495566	0	0	0	0	0	0	0	0	0	0	0	46.23137	0	0	0	0	0	0	0	0	0
205.951	210.172	0	16.305642	0	0	51.929057	0	8.082031	6.52218	0	0	0	26.09498	0	0	0	0	0	0	0	0	0	0	55.323282	7.625564	0	0	0	1.213808	0	0	0	0	0	0	0	0	0	0	0	32.8545	0	0	0	0	0	0	0	0	0
141.098	124.472	0	20.237989	0	0	0	0	8.697359	11.94576	0	0	0	28.95727	0	0	0	0	0	0	0	0	0	5.250024	0	15.575639	0	0	0	2.597927	0	0	0	0	0	0	0	0	0	0	0	47.83628	0	0	0	0	0	0	0	0	0
195.898	208.932	0	19.589386	0	0	0	0	1.071539	13.09578	0	0	0	0	0	0	0	100.737	0	0	0	2.767324	0	0	0	15.688764	0	0	0	2.727385	0	0	0	0	0	0	0	0	0	0	0	40.22123	0	0	0	0	0	0	0	0	0
124.225	107.364	0	20.128591	0	0	0	0	16.70095	16.84686	0	0	0	0	0	0	0	0	0	0	0	4.180566	0	0	0	15.477806	0	0	0.288933	2.623704	0	0	0	0	0	0	0	0	0	0	0	47.97741	0	0	0	0	0	0	0	0	0
133.86	115.3	0	34.88786	0	0	0	0	0	0	0	0	0	0	0	0	0	0	0	0	0	0	0	0	0	23.570774	0	0	0	3.607818	0	0	0	0	0	0	0	0	0	0	0	71.7934	0	0	0	0	0	0	0	0	0
210.047	187.644	0	0	0	0	57.18876	36.61416	0	0	0	0	0	30.64356	0	0	0	0	22.734463	0	0	0	0	0	28.763302	15.59668	0	0	0	0	0	0	0	0	15.58467	0	0	0	0	2.921095	0	0	0	0	0	0	0	0	0	0	0
109.456	94.668	0	0	0	0	45.18794	0	0	0	0	0	0	0	0	0	0	0	38.960916	0	0	0	0	0	0	7.278643	0	0	0	0	0	0	3.712928	0	0	0	0	0	0	0	0	0	0	14.31512	0	0	0	0	0	0	0
214.115	207.776	0	9.440477	0	7.121824	61.33631	0	0	0	0	0	0	0	0	0	0	0	25.622617	0	0	5.537612	0	0	31.09255	7.61417	0	0	0	1.44399	0	1.919183	0	0	0	0	0	0	0	0	0	22.53274	0	12.95342	0	0	0	0	0	27.50045	0
234.986	237.576	0	8.225362	0	0	57.986814	50.34517	0	0	0	0	0	0	0	0	0	0	12.459932	0	0	0	0	13.97943	41.715916	7.69107	0	0	0	1.405316	0	0	0	0	0	0	0	0	0	0	0	19.9542	0	21.223198	0	0	0	0	0	0	0
337.234	385.648	0	0	0	0	55.723218	26.511778	0	0	0	0	0	0	0	0	0	106.06289	18.505359	0	0	0	0	2.11921	46.035655	0	0	0	0	0	0	0	0	0	0	0	0	0	0	0	0	82.27616	0	0	0	0	0	0	0	0	0
318.011	346.048	0	0	0	0	71.234467	33.901493	0	0	0	0	0	0	0	0	0	0	33.640255	0	0	0	0	7.78506	45.726219	0	0	0	0	0	0	0	0	0	0	0	0	0	0	0	0	121.21019	0	0	0	0	0	0	0	0	4.513396
240.652	246.324	0	0	0	0	39.479796	38.90524	0	0	0	0	0	0	0	0	0	0	0	0	0	0	0	6.925766	43.357281	0	3.853966	0	0	0	0	0	0	0	0	0	0	0	0	0	0	93.61436	14.51528	0	0	0	0	0	0	0	0
192.437	183.344	0	6.666295	0	0	17.20168	59.455731	0	0	0	0	0	0	0	0	0	0	13.880618	0	0	0	0	16.159285	0	0	0	0	0	0	0	0	0	0	0	0	0	0	0	0	0	68.34453	0	10.72901	0	0	0	0	0	0	0
139.811	121.124	0	6.372111	0	0	24.339569	0	0	0	0	0	0	0	0	0	0	0	9.835828	0	0	0	0	0	14.080275	0	0	0	0	0	0	0	0	0	0	0	0	0	0	0	0	71.77621	0	13.40683	0	0	0	0	0	0	0
126.662	106.744	0	0	0	0	16.862258	0	0	0	0	0	0	0	0	0	0	0	19.984819	0	0	0	0	0	0	0	4.749882	0	0	0	0	0	0	0	0	0	0	0	0	0	0	49.40443	21.06416	14.59624	0	0	0	0	0	0	0
217.654	242.732	0	0	0	0	17.794642	63.343791	0	0	0	0	0	0	0	0	0	96.03898	21.339952	0	0	0	0	19.13618	0	0	0	0	0	0	0	0	0	0	0	0	0	0	0	0	0	0	0	0	0	0	0	0	0	0	0
337.324	385.616	0	0	0	0	56.262445	26.791169	0	0	0	0	0	0	0	0	0	105.84353	18.334546	0	0	0	0	2.046615	46.077781	0	0	0	0	0	0	0	0	0	0	0	0	0	0	0	0	81.96791	0	0	0	0	0	0	0	0	0
344.918	397.268	0	0	0	0	31.030094	26.360431	0	0	0	0	0	0	0	33.921301	0	105.954	18.678864	0	0	0	0	1.982976	44.863411	0	0	0	0	0	0	0	0	0	0	0	0	0	0	0	0	82.12704	0	0	0	0	0	0	0	0	0
127.014	114.292	0	0	0	0	55.434291	0	0	0	0	0	0	0	0	0	0	0	55.161768	0	0	0	0	0	0	0	0	0	0	0	0	0	2.294959	0	0	0	0	0	0	0	0	0	0	14.12325	0	0	0	0	0	0	0
259.499	256.16	0	8.53763	0	0	105.89912	29.512776	0	0	0	0	0	0	0	0	0	0	54.751681	0	0	0	0	0	28.590644	0	0	0	0	0	0	0	0	0	6.067089	0	0	0	0	0	0	19.43288	0	6.707194	0	0	0	0	0	0	0
252.933	244.108	0	0	0	0	34.5641	136.155074	0	0	0	0	0	0	0	0	0	0	27.774161	0	0	0	0	41.644855	0	0	0	0	0	0	0	0	0	0	0	0	0	6.391314	6.403624	0	0	0	0	0	0	0	0	0	0	0	0
153.772	150.256	0	0	0	0	16.854065	0	0	0	0	0	0	0	0	0	0	0	27.411385	5.391606	0	0	0	0	0	0	17.253826	0	0	0	0	0	0	0	0	0	0	0	0	0	0	0	73.00666	13.85456	0	0	0	0	0	0	0
155.367	149.86	0	0	0	0	14.728016	0	0	0	0	0	0	0	0	0	0	0	29.305014	5.779737	0	0	0	0	0	0	16.334209	0	0	0	0	0	0	0	0	0	0	0	0	0	0	0	75.94064	13.279	0	0	0	0	0	0	0
181.77	180.316	0	0	0	0	15.506406	0	0	0	0	0	0	0	0	0	0	0	34.020684	5.59594	0	0	0	0	0	0	21.303793	0	0	0	0	0	0	0	0	0	0	0	0	0	0	0	94.9844	10.35831	0	0	0	0	0	0	0
181.77	180.316	0	0	0	0	15.506406	0	0	0	0	0	0	0	0	0	0	0	34.020684	5.59594	0	0	0	0	0	0	21.303793	0	0	0	0	0	0	0	0	0	0	0	0	0	0	0	94.9844	10.35831	0	0	0	0	0	0	0
93.4092	74.3	0	0	0	33.56406	11.11005	0	0	0	0	0	0	0	0	0	0	0	9.51927	0	0	0	0	13.380193	0	0	4.914482	0	0	0	0	0	0	0	0	0	0	0	0	0	0	0	20.92111	0	0	0	0	0	0	0	0
137.468	123.784	0	0	0	0	0	61.47615	0	0	0	0	21.34237	0	0	0	0	0	0	0	0	0	0	18.138857	0	0	4.31376	0	0	0	11.52186	0	0	0	0	0	0	0	0	0	0	0	20.67539	0	0	0	0	0	0	0	0
137.199	123.604	0	0	0	0	0	60.864582	0	0	0	0	21.09376	0	0	0	0	0	0	0	0	0	0	18.286312	0	0	4.071879	0	0	0	11.78516	0	0	0	0	0	0	0	0	0	0	0	21.09744	0	0	0	0	0	0	0	0
141.866	146.876	0	0	0	0	5.423175	0	0	0	0	0	0	0	0	0	0	107.09664	8.868381	0	0	0	0	0	0	0	2.3286	0	0	0	0	0	0	0	0	0	0	0	0	0	0	0	18.14877	0	0	0	0	0	0	0	0
152.728	161.64	0	0	0	0	15.795042	0	0	0	0	0	0	0	0	0	0	101.32904	4.805813	0	0	0	0	0	11.607045	0	2.306008	0	0	0	0	0	0	0	0	0	0	0	0	0	0	0	16.88551	0	0	0	0	0	0	0	0
152.728	161.64	0	0	0	0	15.795042	0	0	0	0	0	0	0	0	0	0	101.32904	4.805813	0	0	0	0	0	11.607045	0	2.306008	0	0	0	0	0	0	0	0	0	0	0	0	0	0	0	16.88551	0	0	0	0	0	0	0	0
170.192	188.672	0	0	0	0	5.151359	0	0	0	0	0	0	0	0	0	0	132.30505	8.815549	3.55597	0	0	0	0	0	0	2.363524	0	0	0	0	0	0	0	0	0	0	0	0	0	0	0	18.00068	0	0	0	0	0	0	0	0
182.629	210.456	0	0	0	0	5.045814	0	0	0	0	0	0	0	0	0	0	149.75811	7.330852	0	0	0	0	0	0	0	4.418763	0	0	0	0	0	0	0	0	0	0	0	0	0	0	0	16.07537	0	0	0	0	0	0	0	0
196.725	233.524	0	0	0	0	0	0	0	0	0	0	0	0	0	0	0	177.20222	4.008147	0	0	0	0	0	0	0	2.36379	0	0	0	0	0	0	0	0	0	0	0	0	0	0	0	13.1509	0	0	0	0	0	0	0	0
143.815	138.176	0	0	0	0	0	57.667587	0	0	0	0	0	0	0	0	0	47.5761	0	0	0	0	0	17.182763	0	0	1.628213	0	0	0	0	0	0	0	0	0	0	0	0	0	0	0	19.75993	0	0	0	0	0	0	0	0
151.552	140.02	0	0	0	0	0	61.471671	0	0	0	0	0	0	0	0	0	0	0	0	0	0	0	17.348224	0	0	4.335573	0	0	0	0	0	0	0	0	0	0	0	0	0	0	47.81832	20.57856	0	0	0	0	0	0	0	0
148.034	138.412	0	0	0	0	0	64.579487	0	0	0	0	0	0	0	0	0	0	0	0	0	0	0	16.93978	0	0	4.288292	0	0	0	0	0	0	0	0	0	0	0	0	0	0	45.25793	16.96818	0	0	0	0	0	0	0	0
151.479	140.204	0	0	0	0	0	61.449633	0	0	0	0	0	0	0	0	0	0	0	0	0	0	0	16.905832	0	0	4.227312	0	0	0	0	0	0	0	0	0	0	0	0	0	0	47.84984	21.04685	0	0	0	0	0	0	0	0
109.716	89.932	0	0	0	0	36.687211	0	0	0	0	0	0	0	0	0	0	0	33.646034	0	0	0	0	0	0	0	4.769124	0	0	0	0	0	0	0	0	0	0	0	0	0	0	0	20.85408	13.75934	0	0	0	0	0	0	0
127.888	107.456	0	0	0	0	46.152556	0	0	0	0	0	0	0	0	0	0	0	29.797633	0	0	0	0	0	14.210325	0	4.713823	0	0	0	0	0	0	0	0	0	0	0	0	0	0	0	20.95579	12.05742	0	0	0	0	0	0	0
163.863	142.848	0	0	0	0	60.62406	0	0	0	0	0	0	0	0	0	0	0	30.109943	0	0	0	0	0	34.758116	0	4.83042	0	0	0	0	0	0	0	0	0	0	0	0	0	0	0	20.84625	12.69393	0	0	0	0	0	0	0
145.926	125.164	0	0	0	0	53.360101	0	0	0	0	0	0	0	0	0	0	0	30.622201	0	0	0	0	0	23.986344	0	4.583124	0	0	0	0	0	0	0	0	0	0	0	0	0	0	0	21.24713	12.12748	0	0	0	0	0	0	0
203.494	202.276	0	0	0	0	0	121.188597	0	0	0	0	0	27.71819	0	0	0	0	0	0	0	0	0	31.168337	0	0	0	0	0	0	0	0	0	0	0	0	0	0	0	0	0	0	0	23.41939	0	0	0	0	0	0	0
204.892	202.592	0	0	0	0	0	119.161937	0	0	0	0	0	29.09408	0	0	0	0	0	0	0	0	0	31.912978	0	0	0	0	0	0	0	0	0	0	0	0	0	0	0	0	0	0	0	24.72256	0	0	0	0	0	0	0
219.58	219.128	0	0	0	0	0	111.406851	0	0	0	0	0	55.74086	0	0	0	0	0	0	0	0	0	27.710876	0	0	0	0	0	0	0	0	0	0	0	0	0	0	0	0	0	0	0	24.72151	0	0	0	0	0	0	0
221.285	219.148	0	0	0	0	0	109.339488	0	0	0	0	0	58.21568	0	0	0	0	0	0	0	0	0	28.535271	0	0	0	0	0	0	0	0	0	0	0	0	0	0	0	0	0	0	0	25.19412	0	0	0	0	0	0	0
232.98	234.908	0	0	0	0	0	106.440397	0	0	0	0	0	81.80188	0	0	0	0	0	0	0	0	0	22.632322	0	0	0	0	0	0	0	0	0	0	0	0	0	0	0	0	0	0	0	22.10545	0	0	0	0	0	0	0
250.648	252.148	0	0	0	0	0	94.160833	0	0	0	0	0	111.55736	0	0	0	0	0	0	0	0	0	20.171803	0	0	0	0	0	0	0	0	0	0	0	0	0	0	0	0	0	0	0	24.7582	0	0	0	0	0	0	0
245.611	251.292	0	0	0	0	0	100.289946	0	0	0	0	0	105.02701	0	0	0	0	0	0	0	0	0	17.761171	0	0	0	0	0	0	0	0	0	0	0	0	0	0	0	0	0	0	0	22.53274	0	0	0	0	0	0	0
249.167	251.896	0	0	0	0	0	96.450294	0	0	0	0	0	109.38921	0	0	0	0	0	0	0	0	0	19.481508	0	0	0	0	0	0	0	0	0	0	0	0	0	0	0	0	0	0	0	23.84606	0	0	0	0	0	0	0
276.633	284.432	0	0	0	0	0	83.096494	0	0	0	0	0	161.23758	0	0	0	0	0	0	0	0	0	9.865593	0	0	0	0	0	0	0	0	0	0	0	0	0	0	0	0	0	0	0	22.43338	0	0	0	0	0	0	0
261.968	267.876	0	0	0	0	0	91.858953	0	0	0	0	0	133.83129	0	0	0	0	0	0	0	0	0	14.343367	0	0	0	0	0	0	0	0	0	0	0	0	0	0	0	0	0	0	0	21.93404	0	0	0	0	0	0	0
302.039	318.784	0	0	0	0	0	73.402031	0	0	0	0	0	211.55385	0	0	0	0	0	0	0	0	0	0	0	0	0	0	0	0	0	0	0	0	0	0	0	0	0	0	0	0	0	17.082973	0	0	0	0	0	0	0
191.443	213.896	0	0	0	0	47.03484	0	0	0	0	0	0	0	0	0	0	90.30122	32.3263	0	0	0	0	0	0	0	0	0	0	0	0	0	0	0	0	0	0	0	0	0	0	0	0	21.78046	0	0	0	0	0	0	0
246.897	287.664	0	0	0	0	24.549253	0	0	0	0	0	0	154.47954	0	14.853093	0	0	6.056484	0	0	0	0	0	29.72242	0	0	0	0	0	0	0	0	0	0	0	0	0	0	0	0	0	0	17.23658	0	0	0	0	0	0	0
254.475	291.864	0	0	0	0	25.872917	0	0	0	0	0	0	161.64734	0	19.916989	0	0	8.338037	0	0	0	0	0	23.063458	0	0	0	0	0	0	0	0	0	0	0	0	0	0	0	0	0	0	15.63625	0	0	0	0	0	0	0
214.114	227.96	0	0	0	0	2.040556	69.418876	0	0	0	0	0	0	0	0	0	109.06886	0	7.420575	0	0	0	19.077667	0	0	0	0	0	0	0	0	0	0	0	0	0	0	0	0	0	0	0	7.087523	0	0	0	0	0	0	0
185.405	182.156	0	0	0	0	56.674408	45.779066	0	0	0	0	0	0	0	0	0	0	14.759905	0	0	8.271569	0	0	44.333862	0	0	0	0	0	0	0	0	0	8.642707	0	0	0	0	0	0	0	0	6.943802	0	0	0	0	0	0	0
160.109	146.268	0	0	0	0	43.906867	48.588557	0	0	0	0	0	0	0	0	0	0	14.374045	0	0	8.332182	0	0	23.529747	0	0	0	0	0	0	0	0	0	10.2045	0	0	0	0	0	0	0	0	11.17359	0	0	0	0	0	0	0
212.267	242.884	0	0	0	0	0	0	0	0	0	0	0	23.65362	0	0	0	181.60158	0	1.878935	3.811114	0	0	0	0	0	0	0	0	0	0	0	0	0	0	0	0	0	0	0	0	0	0	1.321391	0	0	0	0	0	0	0
151.388	139.88	0	0	0	0	15.65871	54.594719	0	0	0	0	0	27.29223	0	0	0	0	0	0	0	0	0	13.988852	14.522171	0	4.201529	0	0	0	0	0	0	0	0	0	0	0	0	0	0	0	21.12948	0	0	0	0	0	0	0	0
135.482	122.084	0	0	0	0	0	62.002951	0	0	0	0	0	29.39299	0	0	0	0	0	0	0	0	0	18.491413	0	0	4.357652	0	0	0	0	0	0	0	0	0	0	0	0	0	0	0	21.23733	0	0	0	0	0	0	0	0
133.751	121.548	0	0	0	0	0	64.786557	0	0	0	0	0	27.61733	0	0	0	0	0	0	0	0	0	17.755097	0	0	2.644052	0	0	0	0	0	0	0	0	0	0	0	0	0	0	0	20.94759	0	0	0	0	0	0	0	0
135.468	122.108	0	0	0	0	0	63.017543	0	0	0	0	0	29.09741	0	0	0	0	0	0	0	0	0	18.27125	0	0	4.130682	0	0	0	0	0	0	0	0	0	0	0	0	0	0	0	20.95072	0	0	0	0	0	0	0	0
207.819	196.208	0	6.536764	0	0	34.574059	60.374827	0	0	0	0	0	0	0	0	0	0	10.380112	0	0	0	0	17.640633	24.094017	0	4.231778	0	0	0	0	0	0	0	0	0	0	0	0	0	0	19.90108	20.98803	9.098056	0	0	0	0	0	0	0
225.616	214.432	0	6.134919	0	0	41.464057	59.253077	0	0	0	0	0	0	0	0	0	0	10.229486	0	0	0	0	18.012683	35.688219	0	4.286152	0	0	0	0	0	0	0	0	0	0	0	0	0	0	20.44235	21.08132	9.023844	0	0	0	0	0	0	0
171.497	160.696	0	6.756269	0	0	17.43284	60.238013	0	0	0	0	0	0	0	0	0	0	13.978658	0	0	0	0	17.175168	0	0	4.210128	0	0	0	0	0	0	0	0	0	0	0	0	0	0	20.03576	21.12379	10.54608	0	0	0	0	0	0	0
189.442	178.252	0	6.724177	0	0	26.976668	60.657961	0	0	0	0	0	0	0	0	0	0	9.960333	0	0	0	0	17.286859	14.419321	0	4.130609	0	0	0	0	0	0	0	0	0	0	0	0	0	0	20.08753	20.90564	8.292742	0	0	0	0	0	0	0
240.734	246.376	0	0	0	0	39.26201	38.942492	0	0	0	0	0	0	0	0	0	0	0	0	0	0	0	7.003573	43.501062	0	3.860355	0	0	0	0	0	0	0	0	0	0	0	0	0	0	93.4826	14.6823	0	0	0	0	0	0	0	0
147.132	134.732	0	0	0	0	16.29079	60.725591	0	0	0	0	0	0	0	0	0	0	13.99285	0	0	0	0	17.406574	0	0	4.332298	0	0	0	0	0	0	0	0	0	0	0	0	0	0	0	20.97799	13.40553	0	0	0	0	0	0	0
201.164	209.008	0	0	0	0	35.54403	0	0	0	0	0	0	75.89918	0	0	0	0	31.578385	0	0	0	0	0	0	0	3.414006	0	0	0	0	0	0	0	0	0	0	0	0	0	0	19.85274	17.04796	17.827754	0	0	0	0	0	0	0
309.799	325.9	0	0	0	10.16974	51.738959	49.236071	0	0	0.823926	0	0	83.52078	0	0	0	0	19.360514	0	0	3.843111	0	15.124961	29.675377	0	0	0	0	0	0	0	0	0	0	0	0	0	0	0	0	22.32111	0	23.98445	0	0	0	0	0	0	0
287.811	305.352	0	7.415693	0	0	40.548247	66.263049	0	0	0	0	0	0	0	0	0	0	27.153675	8.432822	0	0	0	17.435685	0	0	0	0	0	0.459146	0	0	0	0	0	9.559879	8.337196	0	0	0	0	19.42929	0	21.45517	0	38.54	0	0	0	22.78156	0
312.993	346.984	0	8.16897	0	0	87.36688	0	0	0	0	0	0	0	0	0	0	0	50.338853	0	0	0	0	0	39.650759	0	0	0	0	0	0	0	0	0	0	0	0	0	0	0	0	34.83484	0	34.308805	0	38.62034	0	0	0	19.70328	0
333.013	392.344	0	4.115525	0	0	62.848511	57.741005	0	0	0	0	0	28.1688	0	0	0	0	26.901429	4.603268	0	0	0	17.669915	25.929761	0	0	0	0	0	0	0	0	0	0	0	0	0	0	0	0	38.14475	0	12.584688	0	32.66245	0	0	0	21.64319	0
319.86	347.54	0	0	0	0	55.551419	53.837316	0	0	0	0	0	29.03082	0	0	0	0	18.048264	8.647526	0	0	0	19.265244	29.868271	0	0	0	0	0	0	0	0	0	0	0	0	0	0	0	0	0	0	18.623224	0	38.18028	0	0	0	48.8074	0
287.5	292.732	0	0	0	0	53.925489	58.281916	0	0	0	0	0	0	0	0	0	0	18.867478	0	0	0	0	16.34446	28.997148	0	0	0	0	0	0	0	0	0	0	0	0	0	0	0	0	47.8536	0	25.798047	0	37.43205	0	0	0	0	0
251.434	257.188	0	0	0	0	34.61572	57.913075	0	0	0	0	0	0	0	0	0	0	28.246304	0	0	0	0	16.453779	0	0	0	0	0	0	0	0	0	0	0	0	0	0	0	0	0	47.99172	0	28.758842	0	37.45504	0	0	0	0	0
298.644	306.696	0	0	0	0	55.340178	41.030575	0	0	0	0	0	85.70089	0	0	0	0	18.566681	0	0	0	0	5.094621	29.605318	0	0	0	0	0	0	0	0	0	0	0	0	0	0	0	0	0	0	25.071361	0	38.23422	0	0	0	0	0
308.806	324.312	0	0	0	0	107.049566	34.880135	0	0	0	0	0	0	0	0	0	0	19.480874	0	0	0	0	5.148755	74.029165	0	0	0	0	0	0	0	0	0	5.72945	0	0	0	0	0	0	0	0	26.750109	0	35.73768	0	0	0	0	0
273.407	277.392	0	0	0	0	84.754186	0	0	0	0	0	0	0	0	0	0	0	28.018144	10.738395	0	0	0	0	43.160388	0	0	0	0	0	0	0	0	0	0	0	0	0	0	0	0	0	0	15.529651	0	38.21921	0	0	0	52.98733	0
119.057	103.228	0	0	0	0	0	67.116591	0	0	0	0	0	29.20436	0	0	0	0	0	0	0	4.256046	0	12.926802	0	0	0	0	0	0	0	0	0	0	5.553467	0	0	0	0	0	0	0	0	0	0	0	0	0	0	0	0
115.027	98.52	0	0	0	0	17.72701	58.835394	0	0	0	0	0	0	0	0	0	0	0	0	0	12.400569	0	0	14.397023	0	0	0	0	0	0	0	0	0	11.667415	0	0	0	0	0	0	0	0	0	0	0	0	0	0	0	0
132.534	116.712	0	0	0	0	27.371012	56.380802	0	0	0	0	0	0	0	0	0	0	0	0	0	13.225392	0	0	24.483456	0	0	0	0	0	0	0	0	0	11.073716	0	0	0	0	0	0	0	0	0	0	0	0	0	0	0	0
159.937	153.34	0	0	0	0	39.541786	52.582757	0	0	0	0	0	0	0	0	0	0	0	0	0	12.809796	0	0	44.955074	0	0	0	0	0	0	0	0	0	10.047466	0	0	0	0	0	0	0	0	0	0	0	0	0	0	0	0
249.421	238.896	0	0	0	0	78.364892	33.99842	0	0	0	0	0	0	0	0	0	0	31.530879	0	0	0	0	0	43.225903	16.006102	0	0	0	0	0	0	0	0	10.728305	0	0	0	0	2.345486	0	0	0	0	0	0	0	0	0	33.22144	0
259.876	255.736	0	0	0	0	85.50824	34.074937	0	0	0	0	0	0	0	0	0	0	25.087608	0	0	0	0	0	54.901634	16.60525	0	0	0	0	0	0	0	0	8.602232	0	0	0	0	2.9708	0	0	0	0	0	0	0	0	0	32.12495	0
86.7156	68.852	0	0	0	0	0	0	17.88749	40.09126	0	0	0	0	0	0	0	0	0	0	0	8.496861	4.050905	0	0	8.29606	0	0	0	0	0	0	0	1.719382	0	6.173684	0	0	0	0	0	0	0	0	0	0	0	0	0	0	0
105.904	88.844	0	0	0	0	20.58014	0	18.03632	33.90752	0	0	0	0	0	0	0	0	13.410323	0	0	8.757062	4.71406	0	0	0	0	0	0	0	0	0	0	0	0	6.49842	0	0	0	0	0	0	0	0	0	0	0	0	0	0	0
265.535	259.132	0	0	0	0	85.978521	34.934658	0	0	0	0	0	0	0	0	0	0	25.791942	0	0	0	0	0	59.24801	17.184699	0	0	0	0	0	0	0	0	8.463405	0	0	0	0	1.6442	0	0	0	0	0	0	0	0	0	32.28988	0
104.746	91.86	0	0	0	0	0	0	29.01551	25.36229	0	0	0	0	0	0	0	0	0	0	0	8.819247	0	8.271154	0	0	0	0	0	0	0	0	0	0	0	0	0	0	0	0	0	0	0	0	0	0	0	0	0	33.278	0
121.714	109.572	0	0	0	0	17.16024	0	17.068271	28.1728	0	0	0	0	0	0	0	0	0	0	0	4.306398	0	8.815035	14.679313	0	0	0	0	0	0	0	0	0	0	0	0	0	0	0	0	0	0	0	0	0	0	0	0	31.51149	0
233.82	227.032	0	15.549976	0	0	73.01117	0	0	0	1.8815	0	0	0	0	0	0	0	53.616447	0	0	0	0	0	0	8.192388	0	0	0	1.327682	0	5.49624	0	0	0	0	0	0	0	0	0	43.14434	0	6.665406	0	0	0	0	0	24.93503	0
214.024	212.44	0	7.623909	0	0	22.27856	101.094505	0	0	0	0	0	0	0	0	0	0	12.449764	0	0	0	0	31.245131	0	7.466128	0	0	0	1.463406	0	0	0	0	0	0	0	0	0	0	0	19.91315	0	10.48927	0	0	0	0	0	0	0
323.691	339.016	0	14.244615	0	0	34.70784	33.90663	11.318374	17.131981	0	0	0	0	0	0	0	0	15.287542	0	0	4.372934	0	4.501969	13.994924	13.750571	4.63941	0	0	2.202039	0	0	0	0	14.080798	0	0	0	0	0	0	71.32945	18.33505	14.13742	0	0	0	0	0	29.59149	6.157757
333.928	356.76	0	10.32697	0	0	50.82307	94.700944	0	0	0	0	0	0	0	0	0	0	15.27174	0	0	0	0	22.525398	29.629494	12.459599	0	0	0	1.404224	0	0	0	0	8.910606	0	0	0	0	0	0	72.92099	0	8.622562	0	0	0	0	0	0	6.332023
356.185	387.732	0	10.033076	0	0	42.097322	95.968763	0	0	0	0	0	29.56169	0	0	0	0	25.628118	0	0	0	0	22.502766	11.31131	10.688761	0	0	0	1.465625	0	0	0	0	8.822974	0	0	0	0	0	0	70.99553	0	20.731618	0	0	0	0	0	0	6.377347
339.419	363.092	0	10.013846	0	0	50.27628	88.38176	0	0	0	0	0	0	0	0	0	0	30.380358	0	0	0	0	17.391141	13.885388	12.481249	0	0	0	1.339035	0	0	0	0	14.313775	0	0	0	0	0	0	71.8506	0	23.044855	0	0	0	0	0	0	6.060377
187.225	170.976	0	9.127281	0	7.155388	52.42022	0	0	0	0	0	0	0	0	0	0	0	27.997272	0	0	0	0	0	13.922533	7.470247	0	0	0	1.467003	0	3.69043	0	0	0	0	0	0	0	0	0	21.6586	0	11.8804	0	0	0	0	0	30.43516	0
110.233	94.224	0	0	0	0	15.79966	0	0	0	0	0	0	28.48504	0	0	0	0	14.937019	0	0	0	0	0	0	0	0	0	0	0	0	0	0	0	0	0	0	0	0	0	0	44.32639	0	0	0	0	0	6.6849	0	0	0
110.425	95.164	0	0	0	0	31.09595	0	0	0	0	0	0	0	0	0	0	0	30.292182	0	0	0	0	0	0	0	0	0	0	0	0	0	0	0	0	0	0	0	0	0	0	44.50104	0	0	0	0	0	4.535762	0	0	0
128.672	118.98	0	0	0	0	38.098629	0	0	0	0	0	0	0	0	0	0	0	20.676707	0	0	0	0	0	20.581855	0	0	0	0	0	0	0	0	0	0	0	0	0	0	0	0	43.57072	0	0	0	0	0	5.74417	0	0	0
121.792	107.276	0	0	0	0	33.38267	0	0	0	0	0	0	0	0	0	0	0	28.301967	0	0	0	0	0	0	0	0	0	0	0	0	0	0	0	0	0	0	0	0	0	0	43.04811	0	11.86664	0	0	0	5.192816	0	0	0
133.275	119.504	0	0	0	0	35.6969	0	0	0	0	0	0	0	0	0	0	0	27.371511	0	0	0	0	0	0	0	0	0	0	0	0	0	0	0	0	0	0	0	0	0	0	41.68784	0	24.23863	0	0	0	4.279983	0	0	0
262.081	300.384	0	0	0	1.415279	14.662156	0	0	0	0	0	0	154.49846	0	0	0	0	18.440492	0	0	0	0	0	10.565773	0	0	0	0	0	0	0	0	0	0	0	0	0	0	0	0	22.15137	0	23.05759	0	0	17.28967	0	0	0	0
102.473	87.068	0	0	0	0	30.99469	0	0	0	0	0	0	0	0	0	0	0	29.169086	0	0	0	0	0	0	0	0	0	0	0	0	0	0	0	0	0	0	0	0	0	0	22.33825	0	0	0	0	19.97108	0	0	0	0
120.033	103.768	0	0	0	64.30535	0	0	0	0	0	0	0	0	0	0	0	0	0	0	0	8.518007	0	17.626292	0	0	0	0	0	0	0	0	0	0	0	0	0	0	0	0	0	0	0	0	0	0	0	0	0	29.58334	0
149.966	140.312	0	0	0	0	50.379963	0	0	0	0	0	0	0	0	0	0	0	19.923418	0	0	0	0	0	27.071816	0	0	0	0	0	0	0	0	0	0	0	0	0	0	0	0	0	0	0	0	0	0	0	0	52.59113	0
118.361	105.84	0	0	0	0	31.2974	0	0	0	0	0	0	0	0	0	0	0	28.769129	0	0	0	0	0	0	0	0	0	0	0	0	0	0	0	0	0	0	0	0	0	0	0	0	0	0	0	0	0	0	58.29404	0
128.849	125.736	0	0	0	0	0	0	0	0	0	0	0	46.74616	0	0	0	82.10277	0	0	0	0	0	0	0	0	0	0	0	0	0	0	0	0	0	0	0	0	0	0	0	0	0	0	0	0	0	0	0	0	0
159.909	166.136	0	0	0	0	18.581818	0	0	0	0	0	0	49.00872	0	0	0	67.4135	10.069786	5.022857	0	0	0	0	0	0	0	0	0	0	0	0	0	0	0	0	0	0	0	0	0	0	0	9.811975	0	0	0	0	0	0	0
171.66	192.144	0	0	0	0	0	0	0	0	0	0	0	41.38329	0	0	0	130.27662	0	0	0	0	0	0	0	0	0	0	0	0	0	0	0	0	0	0	0	0	0	0	0	0	0	0	0	0	0	0	0	0	0
171.589	191.96	0	0	0	0	0	0	0	0	0	0	0	42.198	0	0	0	129.39073	0	0	0	0	0	0	0	0	0	0	0	0	0	0	0	0	0	0	0	0	0	0	0	0	0	0	0	0	0	0	0	0	0
118.56	103.544	0	0	0	0	0	65.883661	0	0	0	0	0	29.51629	0	0	0	0	0	0	0	8.857002	0	8.976662	0	0	0	0	0	0	0	0	0	0	5.325923	0	0	0	0	0	0	0	0	0	0	0	0	0	0	0	0
